Matrix A:
[53,59,87,60,5,99,34,7,40,37,54,81,72,30,59,25,23,35,68,45,100,9,3,22,27,14,
 22,20,6,18,1,28,7,48,36,59,42,71,21,22,81,79,40,65,41,53,41,77,28,79,63,71,
 54,39,42,71,76,88,82,73,2,15,62,35,58,74,84,40,10,87,20,86,99,85,19,40,13,91,
 96,30,33,78,100,81,74,9,89,14,32,10,54,88,81,33,69,17,90,82,43,72]
[77,24,61,74,99,36,52,35,33,89,58,60,44,26,48,18,27,45,22,35,81,36,93,72,73,
 56,39,70,84,96,47,54,7,82,61,75,26,4,40,47,16,15,84,65,84,99,69,93,8,6,85,41,
 89,24,39,76,62,40,100,41,50,75,10,73,35,34,5,69,47,76,92,14,21,16,42,98,82,
 81,69,48,65,46,93,47,86,9,69,89,48,97,27,17,9,83,97,27,53,83,20,11]
[82,51,63,34,5,81,70,78,37,15,3,24,44,67,27,81,64,91,75,83,67,47,38,80,63,56,
 48,4,46,54,53,52,14,52,50,14,40,49,6,18,50,4,64,3,14,87,90,95,46,87,18,54,18,
 2,13,70,67,46,67,14,89,17,85,80,28,75,63,54,95,49,43,10,79,3,1,98,72,92,86,
 87,80,65,95,8,90,77,34,48,56,8,18,15,52,98,96,7,62,99,20,90]
[44,54,6,39,96,5,7,99,78,32,10,10,97,54,78,50,2,59,24,93,60,75,50,62,72,54,57,
 70,98,79,12,89,84,29,31,76,73,22,62,46,46,4,87,60,9,10,66,75,52,54,15,60,83,
 5,69,39,30,16,76,95,75,19,38,34,3,2,60,57,56,79,73,83,11,6,12,5,25,95,75,92,
 60,71,45,9,50,49,53,75,35,19,86,54,79,71,56,5,2,78,53,81]
[75,51,50,100,67,13,53,78,65,81,70,60,65,44,74,48,21,99,55,9,38,23,47,66,23,
 45,12,7,63,75,14,19,82,100,4,8,37,16,77,38,93,71,39,54,74,10,7,1,71,21,33,14,
 64,93,98,41,18,82,59,88,83,63,50,100,81,22,25,14,43,85,44,85,55,53,100,3,100,
 10,94,34,2,96,29,87,61,3,5,90,41,65,50,86,36,16,32,29,66,94,61,17]
[9,21,39,27,60,16,4,91,58,29,53,81,38,30,16,100,69,29,49,74,17,87,82,52,53,61,
 93,32,88,48,40,9,46,84,96,3,63,20,98,62,90,71,37,100,97,66,90,94,48,21,40,3,
 5,83,35,1,28,1,79,34,91,12,1,32,26,27,70,54,61,33,35,59,55,87,68,8,51,32,66,
 95,84,20,76,14,48,42,93,44,35,9,90,61,44,6,51,35,15,5,29,15]
[97,77,31,1,79,32,60,10,44,76,30,64,10,43,55,51,32,3,26,96,58,9,63,36,82,17,
 100,82,37,85,30,30,18,88,96,57,78,14,79,47,57,38,49,20,40,69,46,79,57,20,85,
 31,27,81,39,16,18,25,15,23,80,72,86,51,57,22,67,33,75,4,43,86,84,52,38,49,54,
 77,100,68,35,14,50,31,21,66,51,100,39,20,3,15,96,60,4,13,25,48,73,94]
[17,50,54,38,43,13,71,19,97,96,47,56,3,47,61,96,24,78,4,58,96,80,73,38,23,95,
 88,56,2,18,33,87,1,21,82,14,99,11,16,85,51,19,24,88,77,84,95,35,9,37,2,16,55,
 35,56,9,76,66,42,83,78,70,46,40,98,4,3,24,62,28,90,20,1,100,46,36,47,100,71,
 71,71,12,62,96,19,90,24,1,16,88,78,54,8,65,23,2,10,55,65,22]
[27,70,43,39,93,67,16,3,70,29,100,1,55,17,89,52,80,46,46,54,5,75,9,3,66,26,31,
 55,27,88,14,94,76,53,48,34,30,95,53,2,29,72,91,16,78,60,37,14,95,12,61,28,51,
 98,64,23,70,74,53,18,79,89,85,56,31,53,75,56,8,80,16,62,30,39,47,13,10,43,42,
 65,51,79,24,70,57,52,32,23,20,35,77,21,91,100,86,54,56,52,90,96]
[96,23,8,92,97,45,87,64,80,35,25,5,88,20,47,71,34,24,48,88,67,64,14,33,28,16,
 47,64,34,39,15,4,52,66,68,31,65,32,94,45,14,96,56,29,17,59,72,3,56,15,11,15,
 86,56,15,47,47,30,44,5,34,93,23,63,98,75,42,17,6,99,68,9,33,10,12,54,7,27,32,
 26,76,30,54,43,74,25,74,50,86,22,48,79,71,25,81,63,13,88,71,95]
[21,2,28,56,33,100,41,66,26,62,2,48,46,37,65,36,96,20,70,40,27,25,34,1,66,63,
 46,100,47,83,90,22,58,8,66,45,4,19,16,44,28,30,42,50,6,46,58,6,42,42,18,75,
 30,91,8,24,89,76,53,54,7,5,28,80,34,92,10,99,51,86,20,87,11,50,95,98,79,77,
 25,28,11,83,69,2,61,41,55,4,77,80,75,74,50,14,97,96,63,40,56,47]
[41,74,10,54,100,92,64,33,53,50,80,100,16,76,4,66,7,80,68,6,7,73,1,92,72,68,
 55,93,98,86,74,33,67,81,41,73,31,42,81,48,60,84,97,23,77,93,100,54,31,75,93,
 72,46,83,44,81,18,97,90,34,11,56,40,43,98,26,88,71,28,11,43,87,18,59,70,41,
 23,63,65,51,6,22,23,84,22,47,25,94,89,51,59,65,69,99,41,12,81,37,50,49]
[64,27,67,1,92,27,32,4,18,38,13,28,32,35,99,83,25,48,59,53,74,56,28,64,92,99,
 63,9,87,75,75,38,100,92,55,67,19,78,7,90,83,84,68,42,2,74,54,89,48,47,84,71,
 98,80,86,45,21,60,23,8,42,56,35,20,1,63,63,60,18,89,11,64,3,32,71,37,1,75,57,
 39,41,59,94,79,22,63,10,44,85,4,2,44,65,26,90,26,50,31,4,94]
[95,15,77,74,27,24,21,95,34,78,48,74,62,32,45,31,2,97,46,73,92,22,10,49,3,66,
 22,90,4,95,17,12,65,95,66,28,20,57,76,38,18,54,90,88,98,8,13,94,87,52,77,39,
 36,39,26,56,47,39,83,94,61,12,9,88,96,25,98,60,75,21,47,71,3,30,16,82,51,23,
 97,43,26,83,18,17,55,91,74,20,65,83,2,35,34,19,60,33,87,63,48,20]
[23,67,61,41,67,92,39,84,11,37,51,16,34,52,40,76,58,80,91,58,24,18,11,89,82,
 52,70,4,66,93,86,90,2,36,31,81,30,99,48,17,7,30,73,69,54,48,96,30,14,42,34,
 87,80,4,2,94,82,26,38,25,34,66,77,24,9,15,6,73,35,59,96,42,50,21,85,100,3,40,
 48,94,47,10,80,14,51,71,23,93,84,46,84,61,56,28,76,70,59,84,32,44]
[83,33,76,95,93,46,58,48,29,22,52,67,43,76,50,2,17,97,29,81,78,7,73,70,98,85,
 47,31,74,35,91,26,52,70,10,77,78,53,49,54,66,49,93,17,84,80,88,64,93,15,20,
 83,100,15,97,43,80,40,51,81,38,50,14,43,26,27,67,74,84,48,39,81,82,92,91,69,
 19,39,49,73,88,3,100,16,58,14,66,50,77,85,12,49,52,41,98,75,53,80,53,97]
[91,47,77,7,94,67,70,55,57,46,91,99,39,1,14,3,74,93,77,13,9,94,22,37,72,6,24,
 42,57,39,52,57,57,28,71,99,77,67,69,65,32,67,96,33,97,89,88,2,73,99,33,77,89,
 59,60,11,38,6,54,78,26,65,30,45,30,45,48,24,93,49,83,93,99,10,21,64,28,28,64,
 46,31,29,9,74,71,78,8,33,94,48,92,42,56,15,25,42,20,14,35,34]
[39,35,29,40,97,41,75,60,82,17,38,78,94,59,40,61,67,33,79,99,23,61,16,60,81,
 14,70,58,30,39,85,71,27,26,42,94,21,86,51,36,82,30,3,55,43,84,38,38,4,91,87,
 69,40,24,47,10,22,7,97,98,16,65,72,94,86,56,2,67,10,50,60,34,54,2,98,32,77,
 88,82,38,84,42,23,19,97,3,36,7,20,12,95,2,67,9,63,94,5,44,16,93]
[78,27,8,65,33,56,3,21,39,74,31,24,64,55,2,50,67,34,4,47,70,26,47,99,89,34,93,
 68,71,81,29,29,74,29,84,70,79,76,70,89,21,73,63,13,53,63,25,27,76,39,20,76,9,
 30,86,24,31,45,47,32,97,37,11,73,46,3,89,68,3,41,23,13,54,2,35,84,8,61,81,66,
 7,97,84,24,68,86,74,59,23,72,1,86,26,24,95,47,24,87,65,32]
[12,14,76,72,12,90,35,69,59,73,43,10,88,51,79,3,24,34,48,90,14,51,4,24,99,76,
 4,3,88,79,96,7,81,13,84,86,28,46,68,20,7,19,22,5,30,52,93,54,44,60,57,67,14,
 30,4,42,89,30,93,78,65,75,12,65,57,97,8,59,10,75,64,20,77,39,84,20,6,10,24,
 24,67,68,67,57,52,83,10,34,69,73,1,34,13,33,15,79,62,89,69,2]
[61,73,57,18,89,55,12,13,53,10,70,82,13,17,43,87,30,37,63,62,85,87,22,20,67,
 36,5,9,19,23,75,60,83,28,100,100,87,45,57,85,51,49,23,77,68,89,60,25,86,50,
 32,99,55,79,91,7,19,77,26,80,14,79,85,82,16,45,14,72,12,8,9,18,27,58,26,22,5,
 35,36,79,74,65,68,12,79,1,59,67,60,54,46,45,10,17,20,75,45,93,11,27]
[72,85,74,83,99,39,49,90,57,42,15,21,1,11,72,36,4,15,88,86,63,88,23,23,18,45,
 61,86,61,56,31,97,20,12,95,21,33,92,15,20,76,7,78,89,40,87,17,100,86,79,73,
 89,19,11,78,34,51,76,6,100,12,84,80,25,98,99,70,41,27,93,75,72,68,87,84,59,
 96,51,33,34,73,85,48,100,52,100,76,71,61,16,25,89,81,20,39,70,66,100,46,93]
[94,98,52,55,60,74,38,78,67,62,77,95,52,19,1,92,36,7,28,96,94,87,68,86,73,76,
 29,64,42,66,28,55,42,69,29,76,38,96,11,6,66,100,73,23,1,35,82,37,15,73,23,53,
 100,27,73,40,3,35,80,85,34,72,59,7,95,34,40,98,59,12,60,5,99,6,89,74,63,52,
 80,73,26,7,57,1,21,30,17,80,76,73,59,72,11,86,69,4,42,57,10,6]
[46,9,99,94,76,27,73,77,12,16,20,98,65,46,66,37,67,14,27,93,16,17,4,35,68,69,
 64,76,55,93,61,45,92,59,84,88,91,34,87,50,100,65,25,82,62,26,85,62,37,70,19,
 54,20,22,34,54,25,3,57,75,10,30,15,87,20,99,98,38,1,30,39,34,30,1,2,55,42,95,
 67,100,77,75,62,66,83,19,97,39,29,39,67,76,83,80,99,52,30,5,95,5]
[56,5,25,11,34,32,78,42,34,85,45,34,9,19,16,28,98,17,50,23,22,98,8,69,23,76,
 23,70,36,68,17,53,77,29,87,49,24,8,20,87,11,27,72,45,20,92,3,72,90,67,87,63,
 34,6,52,62,22,98,47,2,80,24,8,57,19,45,97,2,85,87,52,92,10,35,44,39,8,79,35,
 33,79,25,62,69,86,10,7,74,94,52,20,83,38,49,70,54,83,5,9,95]
[18,32,71,82,37,68,92,96,62,64,30,55,49,47,92,68,53,7,76,7,15,20,5,47,89,74,
 76,5,57,80,44,42,90,79,38,4,72,71,63,20,73,21,85,48,32,96,87,53,70,78,47,29,
 72,12,36,88,13,32,39,49,63,4,69,60,6,92,37,1,95,95,91,14,40,96,47,4,52,19,2,
 8,27,99,23,90,48,58,22,83,55,79,48,99,21,68,17,81,74,22,75,9]
[71,53,49,87,28,18,73,51,2,99,2,80,1,51,99,29,79,20,28,67,47,6,86,44,84,78,68,
 30,75,14,41,34,85,93,24,21,31,48,2,80,21,86,13,91,90,46,1,92,21,71,88,92,49,
 39,65,52,71,26,72,79,80,38,54,63,66,18,59,3,64,31,7,43,35,67,52,46,3,91,68,
 95,72,5,56,45,100,32,41,82,40,91,8,44,52,49,14,86,81,93,93,5]
[87,36,73,15,68,52,20,44,74,91,5,90,4,24,68,37,49,30,79,23,28,24,47,73,58,52,
 76,72,8,80,27,34,14,42,78,78,83,79,10,32,55,29,42,81,9,21,89,38,14,51,56,46,
 16,90,59,15,40,76,15,37,88,87,43,84,51,21,64,69,55,87,28,34,63,98,1,1,15,10,
 39,53,44,85,66,25,97,56,81,3,94,48,84,28,89,33,70,57,52,64,98,100]
[25,54,59,28,99,60,42,47,23,6,1,94,99,61,92,13,42,52,100,100,54,49,53,99,33,
 13,28,17,40,64,33,88,57,59,78,42,69,72,39,36,4,39,45,86,85,67,84,39,77,25,96,
 56,99,87,8,38,5,37,61,18,13,13,24,3,48,15,67,66,44,36,40,49,28,86,32,26,25,
 32,93,35,2,55,77,66,46,38,4,46,68,82,10,98,58,12,43,30,50,54,32,72]
[10,1,97,37,21,16,74,3,10,22,64,33,80,16,26,28,55,36,37,82,88,71,94,48,59,87,
 26,5,7,20,95,75,77,54,59,4,19,64,66,53,29,84,87,66,64,59,100,84,95,99,81,38,
 55,86,79,79,66,50,37,35,12,24,1,37,86,76,13,38,35,32,87,29,58,19,47,65,18,74,
 89,14,41,100,63,25,87,6,98,21,50,65,74,1,2,11,95,12,86,9,100,23]
[77,41,87,7,1,82,84,100,71,17,54,61,5,35,6,69,84,91,98,100,18,17,40,74,51,10,
 96,96,60,90,2,6,42,72,65,88,51,81,85,20,52,53,48,78,74,91,22,7,75,14,15,53,
 75,56,42,56,65,65,65,60,3,99,48,18,61,48,61,28,23,97,21,41,11,28,93,62,9,62,
 46,67,79,9,73,30,79,34,51,65,75,7,30,99,67,13,71,74,82,51,84,17]
[9,86,86,18,45,71,13,56,77,16,66,70,97,15,13,7,99,84,7,69,73,42,25,83,70,95,
 67,15,50,9,87,98,96,84,64,79,45,29,79,21,28,34,95,37,78,57,31,12,60,55,93,7,
 34,16,18,65,93,29,82,4,88,51,7,77,48,89,7,2,19,19,5,62,66,54,22,14,10,33,35,
 64,93,88,34,32,29,6,54,63,9,22,62,2,11,23,74,86,59,44,62,57]
[99,80,9,98,61,23,85,34,5,52,56,33,64,78,73,14,39,80,47,52,60,72,82,97,2,36,
 67,7,52,83,20,42,80,13,79,100,11,62,71,19,95,71,18,17,61,53,100,22,42,84,40,
 47,82,94,56,72,20,17,23,81,76,3,68,37,17,26,70,29,27,97,44,26,80,22,39,32,30,
 41,92,85,69,79,37,11,54,25,34,48,94,56,7,49,39,70,61,23,2,25,3,57]
[31,17,77,75,10,51,59,45,26,10,21,86,35,92,37,63,30,25,5,52,60,9,47,41,45,48,
 50,92,45,17,24,17,63,73,55,48,15,91,1,21,68,94,25,79,52,12,30,24,85,58,60,67,
 53,76,8,33,11,12,23,94,51,40,53,5,41,67,31,26,37,58,84,44,39,36,77,47,20,32,
 24,76,55,77,14,41,44,95,60,76,87,44,69,3,21,34,24,21,48,28,62,88]
[16,83,66,20,65,6,75,86,7,6,89,33,85,20,29,86,8,74,47,54,35,76,77,49,84,37,52,
 68,99,65,15,40,5,76,63,95,38,50,50,71,29,75,46,40,93,35,27,34,36,91,31,85,73,
 80,17,91,50,69,67,74,91,10,63,11,72,87,94,86,53,38,36,45,63,57,75,5,9,16,89,
 94,31,14,76,43,52,16,36,35,5,34,20,35,18,22,85,16,91,32,68,80]
[90,70,16,78,9,50,62,72,60,18,72,82,41,63,41,8,76,33,91,55,95,92,82,83,3,85,
 45,69,52,71,60,76,99,71,54,26,26,27,71,1,9,85,41,87,30,75,7,61,63,78,38,94,
 85,22,31,53,18,53,46,65,12,48,39,49,66,58,5,52,11,16,45,87,23,37,20,86,54,27,
 31,1,37,43,16,66,2,89,89,17,40,66,42,39,22,27,27,20,29,8,3,5]
[35,47,72,78,76,47,91,17,21,59,98,45,61,22,65,95,62,64,70,4,30,73,34,11,37,37,
 36,80,4,11,85,31,36,97,20,97,49,17,76,72,62,17,45,63,30,35,42,17,50,49,90,49,
 100,52,45,15,8,73,17,91,46,20,56,89,27,63,96,32,57,49,13,7,33,81,31,49,41,57,
 30,65,1,14,86,81,67,18,47,97,21,51,53,55,46,66,47,77,60,79,35,51]
[79,50,51,38,32,82,43,27,66,7,90,59,92,46,29,51,8,26,40,98,66,90,82,8,75,22,
 91,32,48,85,60,61,35,38,18,13,37,35,11,41,85,59,96,44,76,58,47,3,30,72,53,80,
 20,47,40,71,33,92,16,26,56,25,87,100,61,2,56,70,98,82,99,28,60,15,91,71,30,
 30,54,11,72,89,13,61,56,87,14,7,3,79,49,21,78,98,62,56,52,62,57,83]
[54,92,87,87,5,12,81,73,82,29,95,21,79,78,29,3,99,68,89,79,33,69,28,64,25,89,
 42,16,73,41,85,43,12,60,32,26,89,74,41,68,4,22,3,58,61,26,12,40,73,39,22,63,
 82,7,37,18,80,40,97,20,73,91,80,81,21,1,85,92,10,2,55,61,1,87,26,23,96,49,48,
 21,21,8,35,70,39,66,21,23,31,81,70,15,77,53,88,34,17,13,46,4]
[98,53,37,22,83,50,9,44,85,68,10,23,2,82,87,93,25,50,48,63,88,30,62,53,74,39,
 84,6,40,56,85,69,59,99,22,64,2,43,97,51,65,82,87,68,11,77,53,56,51,81,57,53,
 99,47,24,97,14,59,6,14,5,20,23,79,54,86,21,88,50,60,70,97,33,13,30,73,83,89,
 22,37,60,91,60,48,56,62,61,87,38,67,96,96,60,66,9,1,17,40,95,50]
[33,57,63,3,19,5,96,61,35,69,78,65,55,11,38,43,79,34,76,76,6,39,68,97,23,7,50,
 91,29,89,56,25,57,92,96,4,28,86,42,20,49,59,20,5,59,78,55,10,8,28,60,5,100,
 20,86,35,47,31,17,55,93,34,91,92,80,88,57,34,23,86,6,62,16,97,81,23,83,65,84,
 27,1,61,3,14,22,15,92,64,80,15,44,53,67,77,15,58,83,87,68,85]
[99,90,72,34,17,10,57,76,32,8,92,53,88,30,74,29,85,46,20,61,6,20,66,91,48,5,
 48,24,86,55,68,81,5,62,94,91,39,39,2,56,85,10,74,84,71,14,20,82,48,66,80,40,
 83,28,42,56,44,6,38,4,62,49,73,19,64,99,23,23,80,94,43,33,24,19,28,59,24,18,
 37,18,46,75,80,42,60,84,42,49,87,7,15,61,31,76,37,23,81,96,40,13]
[62,31,70,56,91,12,32,45,55,63,7,67,62,8,21,15,11,95,10,33,75,6,79,17,1,66,17,
 69,12,53,12,43,64,61,51,47,50,80,46,5,75,97,15,43,98,3,89,59,20,20,72,35,16,
 72,97,2,54,59,47,41,57,59,43,92,31,38,34,58,40,51,22,89,64,95,52,58,41,38,28,
 74,28,6,33,18,95,57,56,34,68,77,15,69,36,99,42,22,20,48,79,30]
[59,44,10,87,27,55,93,77,70,36,35,50,54,27,19,63,7,70,33,45,98,40,76,31,44,49,
 98,40,45,93,86,57,80,29,88,13,78,26,31,2,34,40,81,62,88,18,47,9,2,94,87,43,
 97,2,41,85,79,86,37,84,58,68,74,35,87,8,95,49,86,25,45,52,52,49,52,90,89,38,
 92,29,22,10,81,87,8,45,57,65,61,87,92,10,64,97,6,3,61,9,92,61]
[49,13,61,53,59,71,89,93,68,29,31,67,21,89,57,96,33,77,47,92,5,24,62,21,95,8,
 59,78,59,81,78,54,86,67,59,2,27,96,91,43,6,98,54,70,21,46,50,13,58,72,78,42,
 26,60,82,17,89,30,11,36,27,8,77,42,72,10,92,62,73,77,90,86,60,70,57,12,37,73,
 60,84,70,14,55,79,73,95,94,65,67,47,57,79,41,22,84,53,92,82,31,45]
[67,34,75,76,16,15,43,70,61,74,19,87,57,55,37,51,40,76,25,13,30,34,26,55,29,
 49,65,10,50,41,63,19,52,64,54,20,89,26,26,82,96,90,42,77,33,46,35,94,100,91,
 71,95,72,13,37,47,85,28,89,76,93,34,88,89,81,16,69,88,21,70,66,97,84,34,25,
 85,30,80,89,57,33,42,63,10,60,20,66,51,49,14,37,50,89,20,3,53,37,51,9,45]
[44,72,78,93,17,23,60,82,85,16,97,37,59,72,82,98,25,86,30,69,28,32,84,57,47,
 41,49,32,48,8,9,80,60,34,5,81,58,50,62,84,13,84,100,16,70,91,59,55,27,32,37,
 24,53,40,24,97,13,68,53,72,31,56,11,51,33,53,29,67,37,95,95,73,69,97,77,11,
 40,45,27,11,51,91,22,5,78,48,39,35,37,48,44,97,2,15,32,17,1,9,21,87]
[4,80,56,10,12,1,28,43,82,75,52,3,85,5,94,46,67,41,97,16,69,49,55,62,17,29,14,
 2,6,31,9,19,40,91,16,77,67,77,47,97,10,40,84,62,56,13,58,86,48,7,25,26,69,75,
 17,62,99,23,99,99,73,65,4,34,82,38,75,2,28,53,29,26,89,94,24,40,80,92,43,37,
 83,93,53,38,59,53,54,35,49,87,10,72,62,58,30,5,85,39,94,83]
[67,72,48,63,23,2,51,43,7,25,58,15,24,18,73,62,51,89,31,60,44,88,58,93,12,31,
 79,100,50,36,63,51,76,58,66,75,86,28,48,1,14,97,27,61,87,66,65,46,100,24,18,
 82,4,15,1,100,38,67,83,46,9,49,94,8,94,22,93,4,79,7,26,93,98,65,78,58,18,94,
 96,69,16,28,90,47,20,50,50,1,96,74,100,96,79,47,54,49,80,84,75,43]
[35,94,51,23,25,22,73,60,21,87,80,1,52,47,40,25,96,36,98,21,97,90,65,48,71,27,
 52,32,26,32,19,40,41,1,32,16,90,34,38,7,3,1,24,11,84,76,5,27,99,99,38,62,75,
 8,4,62,44,15,42,65,45,82,1,8,44,44,64,21,82,17,58,2,14,27,96,46,89,99,45,39,
 28,3,86,48,68,34,28,99,58,99,72,54,51,5,60,23,33,69,89,49]
[86,39,94,71,7,86,58,50,11,89,1,66,15,21,13,70,12,90,82,25,58,14,37,98,64,80,
 98,63,49,15,49,5,10,90,68,55,86,65,83,90,49,70,32,25,56,56,64,4,24,87,13,48,
 39,13,19,27,37,66,76,67,86,70,53,96,83,35,28,48,65,19,5,36,9,31,76,91,51,86,
 40,18,27,85,16,58,64,26,39,48,97,33,47,78,91,92,70,75,93,32,36,28]
[2,37,94,60,92,34,73,81,89,16,19,16,18,44,12,40,93,89,51,21,30,35,54,20,4,48,
 38,75,11,20,1,70,76,49,57,17,89,20,89,63,35,29,48,55,41,27,98,87,96,15,43,72,
 97,43,50,61,79,81,38,16,64,34,12,92,48,54,81,50,89,16,60,13,46,2,37,15,7,77,
 80,56,99,76,55,88,47,20,25,92,23,63,27,5,38,30,71,36,84,62,23,73]
[23,10,53,5,74,77,82,27,85,67,89,80,57,24,83,26,31,14,75,82,6,58,55,36,56,61,
 92,52,23,96,46,47,59,30,90,33,49,40,73,62,98,57,81,18,71,14,64,35,51,62,91,
 45,57,81,61,63,74,83,4,85,4,53,14,39,11,84,40,33,97,45,56,42,40,82,60,34,78,
 78,22,33,45,53,51,42,85,53,55,90,67,5,69,57,60,31,84,75,71,86,64,77]
[12,72,39,37,20,43,18,35,60,27,74,25,74,28,93,32,64,34,70,32,85,100,97,11,97,
 49,92,98,97,12,78,58,37,33,49,18,99,89,11,6,79,60,69,88,98,47,65,31,95,59,67,
 79,75,3,35,8,12,59,89,2,65,29,41,31,71,31,94,43,21,75,77,48,70,57,33,56,65,
 75,63,55,99,83,7,67,7,13,93,2,90,76,43,43,11,8,98,13,11,97,2,62]
[42,12,40,79,4,99,47,5,33,27,20,35,54,73,37,22,7,77,43,66,76,5,36,10,50,43,
 100,78,44,52,36,91,37,98,1,40,69,54,40,18,44,6,38,39,42,95,51,86,2,53,29,71,
 94,45,99,58,88,24,99,5,37,77,57,98,10,46,44,35,16,77,65,87,60,92,52,67,45,41,
 85,10,97,58,22,1,3,26,34,73,32,95,53,13,14,47,22,10,10,54,71,45]
[97,32,67,21,23,19,4,26,100,69,85,80,45,93,42,96,81,84,97,93,88,36,90,21,15,
 63,67,7,29,92,18,64,97,74,52,39,38,52,31,45,56,66,31,72,35,90,48,25,45,31,24,
 75,3,38,63,42,13,85,92,34,82,11,39,30,29,15,78,38,10,83,62,68,24,75,50,39,97,
 29,6,29,11,1,58,98,32,89,49,24,88,89,3,2,24,22,40,25,87,50,72,48]
[92,34,68,24,41,1,85,25,79,68,15,33,49,29,29,3,79,65,36,7,84,81,97,36,65,67,
 26,37,49,50,47,68,34,8,74,78,87,7,59,90,43,38,43,100,51,59,81,47,61,8,41,77,
 2,26,49,23,95,89,31,65,38,99,4,100,39,55,88,71,68,38,53,56,91,22,52,3,26,87,
 29,6,25,100,29,55,85,66,69,55,43,49,84,70,96,51,27,15,45,47,72,36]
[92,35,63,80,83,43,59,63,50,90,66,93,6,54,8,64,42,91,97,51,16,8,15,88,75,53,
 91,17,83,70,54,41,61,45,60,21,89,77,51,9,94,98,27,77,90,83,74,75,46,75,25,44,
 89,45,40,16,51,39,80,20,68,6,21,18,11,48,8,41,77,70,20,85,89,6,28,8,90,99,46,
 94,10,43,13,1,52,26,16,52,56,22,73,90,78,55,32,80,89,74,80,61]
[69,22,88,61,13,53,95,25,73,4,94,74,16,99,22,88,67,30,47,41,30,98,77,52,23,23,
 15,90,3,81,2,60,51,98,18,72,65,47,44,57,76,78,82,86,13,70,62,47,78,70,79,65,
 3,87,100,78,13,47,82,65,91,23,90,56,6,62,69,39,90,97,4,69,82,19,52,20,22,87,
 74,58,51,27,75,99,71,94,63,10,22,52,35,51,76,100,36,19,67,19,38,25]
[59,89,35,47,15,4,60,49,33,6,18,44,86,23,68,51,42,32,56,97,27,82,21,29,85,79,
 26,93,85,18,94,8,82,43,81,67,75,79,33,9,40,91,88,87,54,2,67,9,38,22,65,21,84,
 15,45,19,81,34,32,62,93,30,40,53,77,62,46,90,57,4,40,32,19,52,55,72,58,14,21,
 50,81,12,88,80,36,79,56,5,8,69,28,18,36,64,90,97,29,40,40,24]
[72,87,89,23,81,95,37,67,40,67,72,73,70,85,49,99,52,67,48,15,2,14,67,89,18,94,
 39,7,16,31,7,67,40,1,11,49,27,34,83,25,57,72,56,91,13,22,21,76,68,9,23,29,46,
 11,45,25,95,35,93,70,90,12,98,11,96,73,69,89,67,1,72,86,13,85,15,79,56,23,52,
 26,27,46,81,100,43,26,54,68,50,26,91,9,54,42,52,92,33,85,54,47]
[66,42,2,82,9,61,100,85,47,74,63,71,39,92,44,91,69,68,54,23,72,60,33,71,69,59,
 39,12,97,23,68,18,22,70,54,18,51,3,42,45,83,36,23,3,45,5,10,62,14,8,55,21,83,
 7,94,38,7,15,50,86,10,1,84,84,71,18,6,96,37,11,11,33,31,12,40,7,72,59,62,71,
 17,17,72,49,55,14,30,44,69,34,74,37,16,87,57,51,59,71,6,35]
[98,71,66,10,86,7,22,61,85,23,30,57,82,75,51,3,60,83,58,6,89,73,8,23,100,89,
 35,56,97,65,97,71,2,41,27,69,64,17,22,92,26,91,10,59,2,3,46,81,19,3,39,44,99,
 40,92,41,32,57,20,38,20,46,81,88,29,39,79,54,83,17,21,64,83,51,80,87,45,61,
 89,4,62,74,3,19,22,79,53,98,53,23,24,3,61,48,65,40,81,27,87,66]
[47,46,76,28,68,49,20,46,47,96,4,95,94,61,24,9,68,57,9,16,25,87,36,61,42,28,
 57,20,25,43,42,13,98,3,91,71,2,27,62,40,79,68,27,81,35,35,65,51,98,11,77,23,
 84,22,2,13,52,27,56,34,11,8,99,33,8,73,44,97,53,45,12,22,53,31,24,80,81,56,
 95,40,59,8,64,100,80,11,3,92,28,77,91,95,97,48,83,1,14,96,89,37]
[30,50,98,14,67,39,79,13,65,90,41,76,6,52,56,82,99,16,82,6,50,33,82,66,49,81,
 7,93,89,41,83,99,80,14,66,51,35,52,4,3,45,100,98,37,8,21,33,2,5,16,54,75,64,
 69,7,38,93,79,90,100,21,38,44,15,30,53,75,80,57,92,15,53,9,86,9,86,65,30,74,
 18,100,86,77,34,36,26,58,16,42,51,59,19,13,86,96,89,50,76,72,23]
[37,46,100,71,43,82,84,41,59,10,60,52,67,76,84,86,18,98,17,74,22,28,55,94,70,
 30,84,91,69,9,63,86,22,43,56,79,11,26,31,78,1,20,96,74,67,50,7,94,68,19,84,
 17,52,7,56,84,100,39,100,67,37,17,18,66,17,30,32,33,76,51,78,28,13,62,77,21,
 84,1,97,98,94,44,80,23,78,96,67,29,83,58,74,96,74,92,59,85,19,86,28,37]
[25,52,30,1,61,14,19,96,8,63,84,56,70,51,15,22,46,25,2,32,68,75,92,27,35,15,
 73,86,93,74,31,17,22,94,4,87,1,19,2,53,45,13,87,41,53,92,22,82,15,31,52,75,
 48,74,75,17,58,10,72,43,68,35,55,59,80,22,24,94,64,27,57,4,13,73,5,66,45,55,
 69,16,80,74,90,63,97,74,76,76,71,73,49,15,28,98,5,78,33,66,6,92]
[100,89,39,81,59,9,95,77,76,3,82,66,72,96,99,28,16,81,80,11,47,50,8,40,79,59,
 70,80,46,78,57,46,7,64,68,96,53,15,99,14,92,85,9,9,33,61,17,24,16,74,81,66,
 28,91,54,95,14,16,63,68,63,61,83,17,21,49,95,63,94,14,81,55,5,26,3,73,54,55,
 96,68,82,81,86,25,85,72,65,88,21,60,74,8,92,83,11,93,8,53,5,59]
[74,40,8,60,3,24,34,73,23,27,98,4,29,13,33,77,13,34,86,99,73,17,64,65,65,90,3,
 30,49,69,48,50,89,47,9,20,7,5,9,35,94,95,74,32,91,27,52,93,37,4,52,99,52,86,
 21,10,60,18,71,43,9,18,47,65,88,53,56,41,3,62,62,31,53,37,5,45,38,93,52,90,
 27,21,3,13,76,68,28,88,62,100,40,81,30,39,31,26,34,84,43,44]
[37,4,91,96,58,66,58,75,33,15,61,84,55,71,58,39,33,58,37,67,52,68,2,36,52,57,
 28,46,79,45,62,70,61,7,44,39,48,53,45,33,28,13,37,47,93,93,15,68,14,17,75,54,
 57,35,28,27,80,95,56,26,22,93,64,4,70,58,26,80,78,27,59,2,56,3,58,28,84,42,
 91,4,65,87,35,71,91,3,13,47,34,28,57,54,75,59,67,34,80,8,35,97]
[14,94,57,72,78,63,82,51,1,59,20,16,68,70,60,84,61,87,38,17,88,10,75,49,96,92,
 71,30,40,21,96,22,1,33,57,30,64,29,90,94,58,46,83,43,98,84,79,46,32,60,41,64,
 73,5,37,59,96,1,69,38,22,99,8,17,15,55,18,88,35,8,52,25,8,29,62,90,100,47,29,
 22,60,25,10,45,95,36,26,80,63,21,36,51,54,28,72,76,58,100,97,83]
[87,33,13,5,70,2,13,44,45,92,77,79,70,59,13,10,52,12,74,99,8,41,84,22,49,95,3,
 25,93,55,61,67,45,24,30,60,1,87,61,96,61,5,47,21,17,91,7,36,65,24,81,98,50,
 99,56,83,26,78,23,70,67,89,54,44,6,88,4,30,32,77,10,41,84,59,46,10,86,18,71,
 84,2,79,18,3,83,10,44,16,3,35,94,29,72,16,40,84,55,42,30,86]
[84,3,78,87,25,25,29,68,9,93,18,60,10,84,2,9,11,100,94,88,29,18,59,90,49,52,
 77,85,66,51,42,95,25,20,88,6,39,17,56,14,75,5,91,44,66,46,65,73,37,35,6,1,23,
 67,91,80,67,78,95,93,96,60,5,14,69,65,45,21,70,76,9,55,38,41,64,61,13,35,14,
 15,42,97,33,75,88,16,92,73,82,9,21,84,53,77,58,19,15,66,32,11]
[6,74,89,47,82,74,30,53,69,39,53,70,59,58,60,95,41,30,34,54,17,95,4,32,33,78,
 93,86,15,69,99,48,15,76,59,50,49,58,68,93,83,52,9,46,92,63,87,69,51,98,95,54,
 42,19,86,22,3,54,8,28,19,89,82,82,4,26,75,1,84,68,64,76,64,24,90,72,50,46,2,
 14,10,11,35,68,12,25,60,66,79,86,56,78,52,7,15,27,7,13,90,94]
[69,73,20,70,44,8,99,67,75,74,61,90,38,53,8,56,56,99,83,15,60,34,21,76,81,23,
 40,49,56,13,80,51,25,68,58,38,19,84,35,23,2,67,79,14,11,4,60,80,76,45,47,58,
 55,35,59,13,42,9,100,60,69,10,95,85,97,17,17,12,99,84,75,20,97,83,48,95,31,
 65,62,11,95,47,34,46,16,49,23,61,92,74,36,82,84,9,14,51,95,89,29,60]
[27,38,69,6,24,1,19,4,84,41,8,53,46,76,73,29,37,8,89,79,25,25,96,87,58,73,35,
 81,2,13,8,62,24,33,81,91,92,49,95,33,55,19,99,23,36,75,87,71,100,72,89,96,12,
 74,51,3,20,18,44,24,93,82,73,62,95,70,47,100,28,6,4,57,54,9,89,41,87,2,42,16,
 76,15,74,52,88,5,20,42,14,2,27,17,18,22,63,27,72,52,31,25]
[38,37,67,93,37,6,14,69,27,10,58,19,43,80,12,63,96,71,61,89,77,66,14,41,6,75,
 75,80,18,58,42,75,51,7,42,43,97,95,56,70,1,13,16,1,91,15,95,73,47,85,98,22,
 23,92,49,24,78,45,54,49,93,81,76,9,59,87,43,50,24,11,20,89,26,49,33,73,14,16,
 45,88,56,23,22,88,55,11,86,82,57,50,26,56,95,100,93,9,90,79,56,86]
[83,75,29,100,31,26,11,27,73,40,2,29,41,55,63,76,79,57,37,82,79,67,7,74,37,23,
 54,12,87,87,62,26,25,46,35,57,24,56,46,16,59,68,41,89,72,33,17,92,68,7,64,61,
 94,87,69,99,71,73,26,17,26,11,27,41,29,28,17,15,49,26,9,23,65,51,20,95,33,14,
 80,97,32,15,50,73,95,80,18,23,65,10,24,45,30,1,6,58,4,56,66,28]
[15,30,83,57,1,94,94,10,17,9,85,75,30,13,31,6,68,48,48,64,16,20,8,4,36,53,45,
 18,39,15,64,5,17,11,77,85,25,87,31,12,81,32,8,23,70,5,66,35,71,92,54,7,13,3,
 62,13,41,11,53,34,69,68,10,14,43,55,2,26,37,80,69,31,51,58,59,12,58,32,70,33,
 56,80,51,33,66,30,7,52,88,55,24,10,90,61,29,32,7,53,11,77]
[70,63,60,79,12,77,94,95,91,52,5,67,56,36,78,75,95,90,62,26,60,57,73,38,100,
 97,22,64,6,91,87,89,84,5,77,11,68,92,39,3,1,25,82,100,50,62,89,91,4,97,5,88,
 82,18,99,35,54,37,81,88,8,71,75,11,100,18,88,53,20,56,91,34,21,75,88,98,36,3,
 19,2,13,20,86,44,100,54,95,91,2,20,26,15,7,98,10,25,18,91,18,100]
[38,80,29,82,34,83,89,63,13,74,38,87,61,91,76,5,42,58,82,34,48,65,61,90,89,40,
 9,56,52,20,40,78,72,95,81,87,25,40,63,82,16,84,9,48,74,41,87,44,12,34,30,13,
 97,4,80,18,89,100,21,90,10,90,41,30,45,22,71,45,83,65,46,77,23,42,68,41,50,
 44,49,30,20,38,18,84,93,32,80,6,73,94,55,87,99,97,5,44,73,39,19,55]
[64,2,62,81,92,90,7,100,20,74,36,5,73,78,46,30,43,10,2,81,100,19,10,79,6,76,
 87,1,23,66,8,88,8,72,94,57,100,91,81,71,45,49,85,44,33,7,30,31,25,25,28,69,
 73,5,10,32,62,90,95,67,22,73,86,68,79,4,61,14,41,94,73,87,23,9,10,29,100,20,
 56,11,74,90,94,3,13,22,98,71,87,66,10,48,34,61,27,62,28,43,61,88]
[70,8,25,70,13,58,4,44,96,97,61,23,92,20,74,4,59,52,41,16,44,60,31,78,50,48,
 100,52,2,47,87,13,20,6,89,36,30,94,36,99,81,2,13,61,7,100,25,79,16,95,47,89,
 3,60,33,82,55,68,30,69,8,76,6,88,72,24,57,35,65,10,12,48,67,96,80,87,97,19,
 59,71,14,64,90,80,3,48,89,6,16,89,71,85,90,69,35,79,25,13,92,76]
[44,90,11,92,69,77,7,64,78,3,48,59,76,44,64,71,48,9,58,88,15,39,66,23,77,27,
 50,36,61,67,4,52,26,45,14,11,10,84,46,53,8,45,37,23,48,28,87,85,8,65,40,65,
 83,95,9,69,98,1,50,83,5,32,60,55,14,35,93,54,19,61,22,69,22,41,6,18,28,48,1,
 36,96,78,47,21,33,26,79,82,37,47,3,42,49,88,46,42,44,83,2,38]
[10,86,49,74,2,48,50,70,35,13,81,14,75,4,6,26,82,50,75,25,17,71,85,13,12,99,
 92,2,43,84,15,52,91,47,40,18,92,74,56,44,6,34,39,29,21,37,51,16,94,63,33,85,
 36,33,97,25,41,84,85,32,19,29,33,37,65,76,84,14,17,55,93,18,14,8,34,61,47,62,
 93,49,18,3,17,47,6,83,25,72,27,53,14,16,45,52,4,23,59,16,65,17]
[40,16,2,30,11,47,98,74,31,94,19,94,61,5,86,46,41,58,92,54,86,90,36,26,3,35,9,
 99,1,76,4,48,78,97,30,49,62,6,96,42,42,38,32,25,71,20,54,59,82,30,35,52,16,
 88,81,86,58,61,71,4,79,27,37,52,86,45,74,65,47,100,57,78,59,7,19,75,80,7,28,
 99,1,49,19,27,21,26,45,95,51,67,59,3,29,21,48,81,38,60,85,26]
[91,62,87,97,79,27,8,81,31,59,57,60,87,74,72,79,43,30,78,83,46,50,28,24,26,5,
 7,78,57,14,23,68,56,78,47,64,100,71,91,52,57,28,50,69,73,84,27,49,35,82,2,29,
 10,28,72,28,23,38,98,8,95,80,88,55,12,83,46,81,57,25,47,35,25,37,63,7,39,10,
 26,8,21,14,46,80,84,53,85,92,13,31,7,89,31,84,87,30,83,20,83,59]
[15,19,77,90,67,93,29,5,45,90,41,77,86,33,52,98,78,97,24,18,15,49,53,6,19,22,
 3,4,66,11,25,15,29,72,25,2,42,99,26,34,27,12,36,30,81,26,90,29,37,63,54,100,
 100,11,50,68,92,78,85,91,47,78,19,87,2,61,51,21,36,94,73,18,71,96,83,100,94,
 32,28,10,76,30,11,39,67,92,19,25,5,94,56,95,14,19,82,94,92,18,60,13]
[28,45,48,13,59,19,60,19,18,86,43,63,10,81,88,6,28,18,86,63,36,61,87,39,75,60,
 72,80,87,50,95,29,96,70,83,23,100,74,50,82,91,74,24,61,3,94,94,68,23,76,44,
 49,21,26,61,25,54,77,89,62,88,40,62,79,33,58,51,19,37,77,1,47,49,57,5,64,40,
 59,69,42,36,46,91,53,98,40,59,61,2,46,56,20,95,49,33,70,11,80,17,16]
[17,85,48,24,43,10,41,59,78,76,44,68,26,59,51,90,55,63,83,46,49,76,11,7,66,56,
 39,44,2,92,4,32,14,6,21,17,35,43,79,38,85,59,85,33,48,21,5,6,3,10,96,27,72,
 80,31,93,63,96,17,43,1,99,47,31,6,94,78,10,46,70,58,18,96,38,91,45,40,44,33,
 87,50,24,2,53,25,75,22,69,70,74,60,34,48,90,68,37,12,63,97,16]
[99,4,83,33,80,37,26,81,13,92,94,40,51,66,81,52,100,50,96,57,56,85,48,1,100,
 90,4,73,38,95,63,36,91,98,37,58,87,98,4,33,1,66,91,78,53,85,38,33,52,86,4,95,
 63,55,42,68,11,21,12,31,52,33,31,73,88,77,9,17,3,80,99,97,45,48,79,71,74,16,
 19,79,14,64,44,28,49,34,67,65,62,47,99,41,58,37,13,56,33,28,62,76]
[48,92,83,38,89,89,61,73,20,16,1,24,41,13,27,78,69,61,18,89,40,79,65,57,42,18,
 9,10,78,69,12,23,70,84,36,49,11,88,11,43,88,65,36,4,96,8,24,74,51,53,28,71,
 86,33,8,71,73,28,77,31,29,72,15,49,5,34,60,68,46,87,45,78,2,62,32,52,44,27,
 34,76,82,75,30,86,5,75,51,28,50,32,58,82,69,74,4,81,41,93,43,76]
[98,94,57,5,6,94,11,98,41,76,86,49,17,81,23,1,14,24,83,51,17,37,61,81,37,27,
 53,70,43,74,93,67,59,42,19,78,53,87,57,50,53,20,22,41,69,88,46,34,26,7,59,76,
 27,64,68,3,13,63,55,2,66,78,67,94,94,57,80,77,18,75,75,18,8,34,42,64,84,51,
 37,59,53,56,69,79,46,12,19,25,5,43,22,34,35,51,37,3,75,86,49,35]
[38,26,70,23,90,61,88,81,50,59,26,97,52,59,48,8,57,73,9,43,22,68,72,87,49,54,
 75,11,5,44,96,87,17,67,9,59,98,88,49,33,88,68,18,35,37,14,88,73,52,94,59,37,
 12,78,68,6,72,64,68,34,39,82,40,69,69,43,36,84,50,35,62,78,86,8,30,24,100,37,
 50,31,47,9,66,63,14,38,29,94,53,83,58,73,59,53,33,50,58,51,57,87]
[28,62,4,79,37,81,72,88,13,83,71,100,60,99,23,44,50,1,61,62,17,6,46,33,96,33,
 42,98,80,56,5,94,63,5,67,6,27,55,12,89,64,35,31,14,63,1,14,83,24,58,23,41,92,
 97,19,68,73,19,72,71,85,54,88,40,95,42,43,97,98,99,92,23,97,19,21,69,80,55,5,
 21,15,98,94,18,9,3,5,24,69,87,62,60,68,38,67,52,39,34,35,51]
[47,89,23,82,96,53,66,46,41,60,30,54,92,90,7,12,21,59,32,92,56,92,67,65,57,99,
 99,1,27,36,43,95,20,68,65,94,41,57,81,3,23,62,55,20,17,71,72,28,9,72,85,95,
 98,47,49,48,33,75,66,5,40,83,26,66,54,83,78,34,94,26,21,26,99,94,67,99,78,13,
 45,72,45,96,68,69,18,80,52,51,6,41,89,81,18,38,44,7,16,62,69,42]
[16,99,55,62,99,68,21,23,67,34,55,85,20,22,13,59,28,46,93,67,84,62,37,98,52,
 86,73,67,18,22,55,28,6,76,42,92,58,59,83,87,53,34,7,28,79,40,66,77,41,15,85,
 59,27,48,100,50,100,80,53,20,59,2,71,86,65,31,99,11,50,37,53,100,83,3,66,7,
 30,48,33,75,33,57,29,5,10,62,74,23,82,18,30,17,16,43,46,78,87,94,60,70]
[67,20,51,31,49,75,67,90,40,70,5,72,25,68,58,98,11,18,94,6,81,30,69,80,93,46,
 8,21,49,85,24,96,72,93,75,99,66,62,42,36,87,64,80,81,56,6,33,14,62,40,32,20,
 65,67,42,11,55,36,1,19,10,9,3,8,23,12,60,56,45,29,46,41,75,36,52,34,16,41,59,
 57,9,29,72,17,51,91,98,28,94,10,21,49,20,65,33,95,24,27,2,48]
[77,52,74,66,31,71,88,18,50,80,13,84,69,96,84,55,69,77,46,79,18,35,2,68,11,28,
 30,60,5,73,11,90,55,93,16,55,34,30,99,5,48,5,12,74,88,4,57,46,83,94,69,51,75,
 55,20,44,53,88,98,55,78,69,18,48,88,2,30,91,30,75,28,44,46,69,58,98,77,46,61,
 8,4,53,34,33,59,89,81,30,10,99,48,51,23,24,77,25,86,77,38,37]
[97,26,17,84,18,7,64,50,33,72,86,55,21,5,10,68,37,7,98,91,29,64,95,19,27,71,
 53,55,91,70,58,14,99,20,5,9,59,82,92,16,1,81,36,46,51,74,33,11,91,58,86,88,
 82,45,60,65,93,23,3,20,32,90,63,45,68,68,55,16,10,53,56,6,84,98,23,60,53,80,
 37,34,72,59,49,3,15,18,58,19,32,4,99,42,33,3,57,35,43,8,82,95]
Matrix B:
[20,86,96,29,57,36,56,13,72,3,7,52,41,47,9,2,23,55,67,77,41,56,100,42,43,52,
 96,70,77,76,32,92,56,30,78,68,62,74,44,58,2,51,37,18,2,77,51,49,55,52,28,25,
 59,59,11,48,95,27,36,16,98,47,73,32,61,44,70,17,16,41,72,58,7,94,62,36,20,94,
 47,50,23,28,85,50,54,55,18,21,42,12,75,99,7,7,12,76,83,94,25,24]
[67,96,92,100,90,51,57,52,8,29,36,20,30,8,93,65,53,1,48,68,32,63,94,12,73,76,
 66,1,65,24,10,78,51,82,5,6,55,85,1,100,86,72,7,25,39,29,1,33,22,49,57,99,53,
 4,63,73,98,100,5,66,44,20,2,57,80,75,85,83,59,34,63,35,57,8,80,6,88,38,78,29,
 65,19,15,65,2,21,2,66,60,1,77,99,14,16,12,88,71,4,11,69]
[1,11,69,53,68,23,44,66,5,47,56,23,64,59,83,19,6,80,32,54,40,71,40,18,9,27,84,
 32,10,91,46,76,83,56,98,9,40,52,86,5,14,42,20,5,17,94,82,11,71,47,22,41,82,
 99,90,89,85,80,38,67,72,65,3,55,73,98,7,78,31,70,31,35,73,42,86,18,17,23,30,
 55,29,47,68,95,34,32,22,49,7,31,49,61,6,6,62,20,40,1,63,42]
[34,4,22,75,48,67,36,86,96,60,5,99,32,60,61,16,89,18,69,79,99,19,60,54,100,78,
 8,36,90,17,8,57,70,74,49,88,40,96,65,34,92,54,58,80,67,56,44,39,60,43,9,18,
 38,10,13,9,29,1,84,52,52,52,97,1,73,38,41,34,43,29,2,80,58,23,1,24,27,50,50,
 12,29,40,85,99,69,81,30,58,88,37,46,60,17,33,73,26,77,53,1,9]
[13,2,58,47,67,7,18,49,22,36,32,55,75,87,72,31,57,41,62,80,22,26,20,12,13,99,
 29,56,23,39,47,78,17,82,25,24,15,70,17,92,43,22,52,52,55,32,36,51,58,8,25,7,
 82,17,54,44,86,79,2,55,4,8,61,97,20,3,5,18,97,73,91,6,8,6,5,1,60,35,20,59,16,
 67,31,3,23,44,37,1,80,18,52,31,48,21,42,81,44,87,77,2]
[76,54,78,30,14,91,4,73,52,28,90,79,11,86,92,96,92,86,72,45,32,58,53,43,51,66,
 11,94,42,87,88,87,30,65,69,41,83,77,38,13,48,54,37,16,76,62,18,47,11,43,3,5,
 66,29,10,60,71,35,42,28,25,51,46,39,13,37,51,41,66,65,47,27,80,20,32,66,73,
 54,57,23,99,98,83,41,74,87,27,46,65,42,90,77,100,41,41,49,29,29,50,44]
[4,12,10,96,57,66,60,86,75,84,57,51,24,58,36,2,85,36,9,100,79,19,89,15,27,48,
 3,28,57,17,11,5,42,83,21,24,2,75,10,10,98,16,98,16,32,2,54,52,49,54,2,56,81,
 79,56,92,8,90,76,94,27,34,65,13,5,79,34,34,36,73,65,30,37,90,64,15,67,17,69,
 51,75,49,60,82,19,48,86,25,74,9,65,64,4,13,30,96,63,4,20,15]
[42,37,7,88,54,19,41,99,58,73,77,62,28,71,6,49,45,67,9,48,21,39,71,31,22,98,2,
 68,100,100,45,98,62,13,2,80,34,5,15,16,55,14,92,74,63,88,40,55,9,89,44,67,14,
 6,11,63,83,49,78,81,2,59,96,66,1,59,78,86,66,92,41,47,14,53,44,13,13,89,35,
 97,5,89,5,92,40,5,46,53,94,83,54,73,83,41,43,59,43,72,2,66]
[76,90,98,57,82,56,23,15,16,9,72,14,60,50,60,53,18,12,83,5,16,37,18,66,38,96,
 11,54,20,17,4,60,43,84,13,46,27,45,65,100,27,23,65,48,27,25,38,60,26,13,91,
 100,88,55,63,75,39,85,47,35,88,6,19,49,38,51,88,47,77,59,64,98,70,34,64,60,
 91,74,44,24,12,30,41,93,43,4,31,35,73,64,21,21,52,90,78,55,77,67,12,66]
[54,71,14,26,98,90,4,56,68,69,21,8,87,16,50,3,33,92,3,3,95,57,73,95,96,28,52,
 36,32,96,49,35,6,75,92,28,11,56,18,61,90,55,70,20,77,45,81,62,12,99,67,9,16,
 52,4,62,80,58,42,46,64,60,37,91,24,19,38,49,28,53,83,70,44,46,21,92,50,76,76,
 69,15,66,28,15,88,19,94,28,89,40,61,1,96,19,39,11,95,15,87,53]
[33,87,12,81,5,22,70,16,51,28,14,14,84,61,15,5,15,69,2,79,18,6,13,37,59,74,56,
 39,2,36,36,60,46,55,76,74,59,78,77,99,92,50,15,59,90,55,5,26,62,100,14,65,13,
 16,13,20,27,47,48,76,11,55,52,18,26,14,23,66,88,28,86,82,62,57,14,87,22,77,
 11,38,22,90,39,17,26,32,50,23,99,5,13,23,41,70,68,91,51,32,15,73]
[94,36,18,31,51,16,38,59,95,15,29,93,20,15,48,99,7,37,43,42,71,93,72,33,60,64,
 14,50,68,25,7,78,86,79,30,85,23,47,77,40,7,47,99,76,73,88,23,95,87,9,48,69,
 77,16,11,69,57,97,43,63,72,9,96,28,83,48,31,87,81,7,96,93,69,45,37,29,95,3,
 51,57,34,73,3,66,95,50,46,31,39,10,44,73,98,58,38,56,85,84,93,35]
[21,53,81,67,65,59,50,54,57,98,19,26,9,80,85,22,79,2,85,6,12,100,48,54,3,45,
 26,90,62,1,76,17,63,99,87,46,74,96,91,76,73,5,81,100,50,37,22,64,57,64,55,50,
 13,95,89,81,16,19,90,70,7,22,100,53,8,78,38,44,71,28,18,82,55,3,88,99,44,75,
 60,30,1,24,27,67,87,98,31,65,78,12,40,10,77,33,63,6,100,37,57,9]
[78,30,78,39,74,55,29,61,64,77,38,58,40,11,68,4,90,100,6,54,20,88,26,99,14,1,
 9,9,82,3,4,96,88,88,64,100,4,59,16,47,42,99,56,91,41,90,23,27,72,59,21,73,65,
 43,33,10,50,65,38,69,17,92,40,85,13,16,21,61,69,21,57,29,43,83,49,6,44,88,7,
 42,82,77,14,48,85,99,10,60,100,83,92,28,24,39,87,44,23,52,5,10]
[46,72,16,24,71,64,94,90,3,17,86,96,78,63,43,3,55,14,80,36,31,1,70,33,87,55,
 18,42,52,33,89,17,56,87,94,59,69,96,30,84,49,44,2,44,29,94,57,85,47,83,83,53,
 8,99,80,48,44,50,30,90,100,99,49,52,15,59,51,52,95,3,90,68,30,69,74,26,92,74,
 29,50,22,47,47,46,79,25,25,89,98,56,52,67,88,30,18,70,9,8,99,73]
[14,89,93,94,91,34,51,43,80,83,30,78,63,59,90,38,98,81,58,31,40,16,95,1,83,46,
 86,45,7,57,74,85,88,6,3,79,54,48,83,85,70,98,95,39,65,17,4,18,1,17,62,82,30,
 71,35,46,10,85,89,15,5,51,39,27,57,60,87,65,83,21,92,15,25,11,74,81,18,91,24,
 79,23,72,40,52,64,52,55,63,88,53,44,59,67,99,40,34,19,20,75,12]
[89,16,48,86,34,82,19,41,21,22,33,8,53,20,90,34,10,67,76,1,8,87,19,91,76,13,
 100,43,19,5,51,42,53,95,33,64,91,7,9,38,68,15,71,74,74,52,81,40,3,27,54,22,
 70,4,33,93,63,33,20,34,4,59,56,54,74,46,28,28,49,89,44,41,17,26,79,93,68,17,
 68,36,13,88,73,84,10,8,54,57,58,79,14,9,95,85,20,64,35,34,80,85]
[24,75,69,35,15,20,43,65,6,46,49,35,37,7,52,93,76,17,15,62,38,100,9,63,37,28,
 41,80,23,20,48,59,65,22,57,48,25,95,4,31,3,3,32,5,1,66,2,16,29,37,86,24,73,
 57,72,44,85,33,23,59,69,16,96,64,73,11,68,79,16,19,77,25,84,34,7,8,38,83,32,
 71,38,17,52,76,97,26,28,98,7,10,70,95,71,42,82,45,14,76,67,12]
[95,13,59,68,50,87,29,17,100,88,29,34,17,68,35,87,90,64,80,73,8,94,71,28,93,
 100,85,15,73,88,22,53,26,76,72,19,90,45,62,85,41,60,41,99,22,92,100,39,64,18,
 62,7,53,46,74,9,28,12,1,85,7,95,70,88,6,98,8,25,52,3,78,73,45,63,89,93,76,80,
 46,55,11,69,61,12,91,13,50,60,39,40,69,43,86,7,10,41,2,2,79,74]
[18,27,43,75,71,54,96,54,80,85,30,75,75,52,12,19,46,53,36,59,36,6,17,1,87,72,
 66,6,80,3,33,83,69,95,82,42,46,21,82,41,15,20,33,8,19,15,1,49,76,16,71,100,
 32,72,35,93,97,91,64,49,64,62,61,80,61,20,6,86,86,66,93,79,17,18,44,76,25,31,
 75,96,52,30,61,98,69,34,60,93,86,37,69,83,1,77,42,25,73,94,74,27]
[65,64,78,76,69,88,58,43,29,67,17,69,26,74,79,96,92,64,37,37,72,57,4,25,36,5,
 45,59,81,52,30,53,10,34,41,46,61,14,17,49,26,41,43,17,34,89,11,36,9,55,4,80,
 21,100,39,1,90,83,77,88,98,63,18,88,20,90,100,57,48,87,74,89,26,12,19,2,26,
 75,38,92,34,77,14,99,87,59,79,60,86,8,44,70,97,11,81,1,68,6,77,25]
[15,74,55,86,57,95,77,83,32,82,64,17,90,4,11,6,37,24,73,5,93,79,65,8,87,7,18,
 13,44,56,16,77,33,86,52,31,45,57,32,71,39,21,89,73,34,46,97,58,8,34,99,28,79,
 63,96,52,54,95,35,38,23,39,48,30,22,34,55,71,40,7,52,84,51,66,8,72,43,62,70,
 84,17,39,25,14,44,84,13,36,28,25,22,36,25,31,84,48,91,27,71,13]
[71,55,94,3,40,96,92,59,61,25,78,2,47,74,37,54,24,14,51,82,32,15,40,38,84,73,
 31,62,28,98,55,87,84,24,51,19,78,66,29,87,83,74,86,6,10,97,8,38,27,11,96,4,3,
 50,60,42,47,6,94,81,17,89,50,72,31,12,79,92,33,58,95,13,37,25,59,3,77,74,15,
 73,2,15,87,19,29,25,31,74,94,36,94,93,32,86,52,55,4,23,78,47]
[37,58,82,87,16,7,15,61,45,22,68,84,65,47,21,1,76,16,27,99,70,57,81,81,95,18,
 97,43,51,21,10,61,24,88,2,23,56,36,97,73,99,58,17,71,81,69,15,44,51,66,73,67,
 95,55,89,7,42,7,43,83,36,44,88,86,68,93,44,62,19,60,92,56,34,55,20,61,53,34,
 82,38,18,60,100,62,6,100,20,50,13,6,65,53,93,43,64,20,38,25,81,71]
[3,49,9,84,98,24,69,14,76,24,4,23,1,84,21,97,10,79,5,84,37,44,54,85,75,36,99,
 64,11,33,10,73,51,74,48,12,29,56,74,1,82,55,79,24,98,91,84,4,65,92,54,74,55,
 90,88,7,63,88,75,66,37,13,24,2,28,100,64,82,5,70,48,77,74,90,93,82,88,82,24,
 26,53,66,28,83,28,55,59,82,91,13,41,17,95,99,27,96,17,4,53,96]
[24,15,98,78,65,37,79,52,83,80,59,92,57,52,31,61,17,42,84,62,3,73,38,74,95,44,
 78,96,43,84,2,40,64,9,71,33,58,1,43,65,10,19,98,43,79,62,54,34,51,44,49,37,
 33,44,23,73,31,62,73,26,14,95,80,42,2,83,58,26,21,83,25,28,1,52,38,68,42,48,
 8,2,34,88,93,52,44,14,64,64,29,9,9,41,53,7,65,85,35,62,51,18]
[20,12,51,12,81,100,9,32,41,22,50,80,90,97,70,77,84,92,77,41,89,18,19,93,27,
 23,75,66,67,85,98,2,95,31,9,64,28,40,97,92,23,56,7,58,71,100,70,97,63,38,87,
 87,38,59,2,8,19,58,50,16,62,92,27,59,23,100,78,89,12,87,47,64,5,1,15,63,56,
 69,59,6,63,48,10,86,8,38,77,98,19,7,29,75,74,31,41,30,78,85,21,55]
[99,60,27,50,67,33,83,43,38,15,49,76,69,53,22,35,69,86,50,97,63,23,52,25,19,
 21,31,60,25,17,28,59,32,51,23,90,91,5,17,57,53,97,82,33,3,84,61,94,56,56,27,
 27,28,93,49,44,7,3,20,29,24,7,10,72,100,63,4,57,88,68,41,92,52,34,59,24,75,
 49,5,26,77,11,2,42,70,78,60,95,41,11,47,15,85,53,7,21,78,95,67,44]
[35,34,79,65,5,91,46,75,7,94,38,64,8,12,33,95,9,17,21,8,45,9,82,50,17,14,87,
 65,5,22,8,68,23,89,53,2,82,88,42,75,22,21,1,62,11,44,86,98,52,69,55,3,55,79,
 77,53,55,89,17,52,14,75,36,56,81,20,67,62,14,2,21,84,94,13,52,74,28,87,98,80,
 43,29,67,6,80,77,10,3,8,13,41,72,65,100,33,52,81,59,14,34]
[8,89,76,44,5,76,25,16,47,56,3,17,78,19,12,58,34,63,69,90,99,60,13,41,95,59,
 82,15,91,53,77,43,39,87,17,92,44,95,89,55,23,82,34,28,79,8,92,22,76,90,74,66,
 90,6,91,85,62,30,33,20,83,85,92,18,80,58,60,51,53,52,66,20,28,1,11,62,9,96,7,
 28,15,92,96,58,35,63,48,55,81,42,60,98,9,72,30,95,98,58,80,98]
[80,80,71,70,31,37,58,100,70,1,32,41,77,65,13,33,31,27,58,5,51,55,45,84,77,48,
 23,17,29,86,52,14,77,44,81,19,95,56,90,63,53,5,24,93,85,40,61,78,85,80,41,90,
 52,13,78,27,73,100,25,93,49,19,20,53,37,35,37,86,95,94,10,56,56,84,84,27,17,
 54,59,23,10,41,9,63,68,51,62,100,24,35,64,62,29,10,36,28,16,52,84,98]
[16,37,44,31,34,59,87,46,15,55,2,47,98,89,13,61,25,20,91,22,26,19,65,15,23,48,
 31,26,96,35,75,16,83,57,84,63,97,5,37,64,56,80,41,84,64,31,25,60,34,39,7,68,
 69,71,92,96,21,10,57,49,12,98,4,58,36,91,27,63,90,63,91,56,32,48,83,11,96,54,
 35,11,17,85,71,21,22,54,9,56,87,100,46,55,25,87,7,59,67,23,29,61]
[63,68,15,62,86,39,16,92,15,75,80,63,79,16,86,68,84,4,64,57,80,95,27,14,24,62,
 5,23,6,96,66,78,75,21,57,72,39,49,12,21,84,23,83,58,34,26,70,80,87,26,69,56,
 56,100,66,12,6,2,53,71,21,48,100,38,13,34,85,62,64,36,82,36,94,71,8,52,78,43,
 3,50,97,57,30,3,26,61,83,1,88,83,95,89,54,46,95,23,13,95,3,31]
[24,32,50,49,37,4,43,9,52,82,9,33,86,19,8,94,95,25,78,70,83,77,91,37,35,74,21,
 47,20,29,64,4,78,65,64,60,12,18,88,29,52,90,11,70,88,75,45,57,76,56,3,3,57,
 34,48,57,60,87,29,17,17,86,23,31,30,44,84,34,39,45,35,7,31,11,68,18,89,72,16,
 62,86,30,84,48,40,42,2,90,65,7,66,31,53,11,84,90,34,12,20,9]
[76,29,65,28,21,62,8,31,70,60,57,10,58,91,22,71,73,7,66,17,92,37,88,11,95,83,
 12,6,67,44,4,58,13,31,7,24,31,26,19,89,19,18,53,52,34,90,35,37,90,20,86,25,
 69,1,3,83,96,49,39,90,45,35,18,56,92,67,66,1,79,74,20,24,70,35,56,36,77,31,
 89,53,45,28,1,87,45,33,22,92,30,29,40,29,13,7,16,25,93,64,28,23]
[93,18,40,15,53,100,87,68,82,36,20,12,11,14,93,30,6,63,22,96,21,11,65,41,68,
 65,3,88,49,39,5,96,78,4,91,93,47,5,74,18,40,58,83,11,56,6,94,32,100,33,10,17,
 21,50,98,8,38,49,52,56,33,19,84,100,37,80,18,44,72,61,40,83,57,51,16,31,2,50,
 84,1,22,54,3,66,88,83,47,83,83,36,65,31,21,69,30,63,46,34,14,77]
[99,60,1,53,90,45,57,47,1,21,41,8,3,92,63,65,40,23,61,59,58,4,35,20,32,56,22,
 90,1,32,83,50,73,47,70,76,10,56,94,48,88,37,73,92,56,20,54,65,93,96,89,25,55,
 89,82,6,97,90,25,78,47,15,53,96,5,64,27,57,58,62,36,63,5,81,71,83,29,85,58,
 31,78,40,17,52,73,78,33,66,64,19,69,66,15,20,79,83,68,97,93,59]
[64,65,71,91,49,79,87,15,65,57,83,6,54,42,14,70,15,16,42,42,48,82,41,73,83,2,
 85,57,73,44,87,87,72,83,30,98,16,88,19,95,9,62,72,61,50,92,93,7,74,93,20,33,
 7,14,75,44,45,97,40,39,60,48,43,84,30,88,9,85,23,67,96,11,85,77,91,70,76,18,
 67,5,49,39,95,77,61,30,20,14,29,7,11,43,49,68,76,2,80,6,92,67]
[53,26,22,84,65,37,57,24,13,58,53,60,94,57,8,66,51,91,43,86,20,67,27,97,16,32,
 63,28,95,35,47,49,16,1,67,59,56,26,17,49,6,73,47,16,34,24,55,17,83,70,86,95,
 38,66,40,66,94,82,71,24,33,74,15,54,48,43,20,84,40,46,72,80,46,56,37,37,69,
 88,83,85,66,9,34,82,97,8,13,91,74,60,78,62,2,73,60,91,91,2,65,55]
[66,79,78,97,25,79,16,65,28,8,100,4,61,60,14,37,69,12,10,35,96,98,10,9,65,5,
 15,94,77,44,92,25,51,24,60,90,5,42,27,14,55,55,15,17,86,97,100,5,95,63,8,47,
 41,45,25,55,60,93,14,59,11,76,22,50,48,96,15,17,73,30,98,8,11,92,30,51,12,76,
 42,52,2,67,54,76,65,100,64,90,57,14,27,93,79,99,87,69,69,83,61,100]
[10,53,67,61,80,50,60,100,33,50,90,36,53,34,8,36,73,34,13,39,24,71,93,37,71,
 24,90,25,63,37,99,15,100,34,1,43,16,1,97,35,45,57,4,11,10,5,10,50,84,30,1,42,
 86,37,10,26,23,13,62,20,54,24,8,100,35,89,50,74,62,52,37,23,76,89,89,88,8,99,
 86,26,93,19,61,12,37,10,56,17,69,27,20,100,63,70,100,82,58,91,24,67]
[47,41,21,53,17,71,33,40,97,25,90,70,62,33,22,85,21,95,75,45,23,80,57,8,96,1,
 28,90,7,44,20,80,56,42,56,21,91,100,71,74,89,82,89,30,40,74,66,58,26,70,9,31,
 66,12,11,13,20,63,100,69,95,37,30,61,30,2,57,70,41,11,12,49,84,93,15,3,37,15,
 82,42,69,72,99,1,55,77,75,65,17,54,20,10,28,64,32,39,71,89,69,63]
[91,96,97,82,79,8,2,76,78,29,3,87,100,6,22,73,50,71,90,86,52,32,26,58,94,41,
 74,33,45,64,3,75,31,77,69,76,60,63,16,31,23,92,94,49,9,53,79,64,79,25,22,15,
 56,96,60,88,18,98,29,56,87,27,14,41,60,69,55,63,40,40,81,93,34,16,74,36,76,
 69,11,15,67,95,85,26,4,98,10,57,41,100,47,27,88,6,37,76,27,31,33,4]
[59,80,93,64,20,73,97,10,61,1,98,66,47,84,89,24,54,11,90,10,1,68,2,12,53,39,
 67,74,78,39,16,82,52,11,53,56,46,23,28,2,100,24,67,72,13,75,52,63,84,80,4,3,
 12,70,55,9,96,58,8,98,55,21,46,15,60,45,51,87,79,19,16,57,35,98,41,1,79,51,
 30,94,76,43,43,35,14,18,54,55,93,8,100,15,87,36,94,64,19,94,73,84]
[68,11,66,5,31,62,37,81,89,65,43,25,38,63,12,72,21,35,94,93,83,50,60,67,96,83,
 45,79,50,15,6,62,90,44,92,23,12,40,25,4,26,13,37,3,72,43,51,6,31,55,2,48,54,
 70,64,80,1,71,38,18,97,32,36,87,14,66,84,69,10,51,60,58,39,59,43,40,65,71,58,
 92,29,63,98,11,33,31,40,33,17,11,25,79,43,23,79,51,79,1,80,14]
[42,61,3,81,83,46,11,16,33,64,42,7,11,35,90,51,7,12,92,59,59,61,25,86,25,54,
 26,36,72,44,82,22,31,79,94,54,90,57,42,92,12,58,43,57,51,38,44,36,93,19,19,
 25,52,92,90,90,89,82,56,14,89,19,31,85,71,35,11,91,34,93,15,58,55,82,83,96,
 27,26,12,99,42,37,87,29,58,11,10,76,83,40,16,3,36,34,6,30,74,53,4,80]
[32,36,44,75,91,75,23,56,89,49,69,11,81,6,42,28,98,15,54,97,21,24,4,66,71,19,
 55,68,13,58,94,20,51,88,92,18,6,8,29,47,5,69,97,89,25,11,67,59,16,24,80,97,
 21,25,62,79,61,4,61,6,69,51,1,9,89,88,16,77,14,4,6,72,44,40,32,93,18,89,87,
 57,35,72,86,30,1,87,29,79,51,26,67,64,97,48,40,32,31,71,68,7]
[36,18,26,65,55,98,24,59,19,8,21,20,64,57,53,9,16,3,2,95,85,25,56,59,89,47,94,
 31,82,38,22,74,24,10,10,1,45,83,15,57,57,13,58,8,76,30,3,100,59,71,58,27,93,
 44,5,38,23,59,89,65,91,32,14,1,73,59,35,52,19,30,78,93,2,7,38,66,75,91,77,69,
 6,18,14,15,2,28,86,3,84,17,39,99,95,78,67,67,41,93,66,88]
[87,18,88,65,92,50,40,80,11,13,78,76,50,44,78,53,42,38,42,35,5,61,23,19,33,51,
 21,90,19,82,77,76,49,11,43,31,97,33,36,69,27,5,16,17,47,69,74,37,18,69,51,86,
 100,45,65,7,58,52,7,90,32,30,18,88,29,63,32,9,63,16,17,34,8,81,54,56,52,63,
 16,8,58,71,60,17,14,97,83,47,21,18,97,82,80,8,58,49,7,76,61,23]
[82,77,87,44,80,77,48,81,38,36,9,12,31,52,80,57,91,26,100,72,37,74,16,7,51,60,
 51,33,28,1,6,72,26,79,44,73,43,68,40,67,87,67,28,84,96,76,82,72,49,98,22,34,
 65,11,43,47,27,39,82,14,25,3,17,22,84,44,35,75,76,70,45,88,6,9,17,34,79,54,
 21,71,31,77,50,65,47,29,71,95,70,43,74,50,98,25,38,20,100,77,21,13]
[37,92,86,32,42,27,6,90,60,21,90,46,56,85,60,15,14,91,57,76,89,85,41,4,21,27,
 99,82,41,58,73,25,1,50,41,43,8,5,91,48,22,10,48,54,24,25,2,66,20,96,50,3,3,
 98,64,98,63,86,95,55,60,76,45,97,38,82,76,53,32,59,59,13,88,39,7,40,26,23,14,
 5,49,58,38,13,24,41,46,29,67,52,26,1,69,90,9,1,26,59,6,4]
[22,25,84,88,5,58,58,83,24,14,6,55,52,46,81,85,68,49,65,61,31,98,66,100,23,41,
 48,80,73,98,76,94,61,90,94,56,45,29,69,99,27,94,52,80,77,95,31,42,1,15,83,37,
 29,2,94,64,39,85,85,28,17,93,72,89,90,15,4,26,73,70,19,11,48,100,51,68,69,98,
 65,31,56,91,96,56,92,69,94,39,47,12,39,93,47,69,47,57,15,4,10,49]
[21,80,56,63,96,52,84,100,91,50,46,91,60,60,72,36,78,10,20,34,30,26,20,65,79,
 68,32,25,91,34,74,14,90,57,96,41,5,18,13,9,84,75,67,25,65,52,9,40,29,88,4,72,
 27,62,5,41,76,84,73,89,81,72,99,4,4,54,88,37,92,69,15,69,7,6,12,95,16,92,21,
 26,61,42,55,5,19,42,58,23,43,10,13,89,95,4,76,89,14,13,79,99]
[96,60,66,98,47,5,25,98,50,46,50,71,16,16,58,82,72,16,40,46,97,74,67,23,19,16,
 43,60,67,12,95,90,2,79,30,29,30,96,51,11,85,86,93,48,29,44,7,63,53,44,32,59,
 38,7,76,90,24,46,68,100,47,40,69,31,67,6,24,94,37,93,23,53,14,82,43,30,60,67,
 44,79,41,7,91,45,27,3,90,6,15,51,67,14,92,31,20,64,29,19,39,93]
[12,93,96,99,43,32,84,17,72,3,81,19,58,93,32,76,87,35,60,7,44,40,37,56,25,47,
 52,79,66,36,41,30,41,29,20,33,9,26,8,2,27,27,35,91,48,96,13,83,8,60,88,1,13,
 75,61,6,90,80,51,87,7,67,73,89,8,25,43,72,44,59,4,36,89,28,48,57,75,27,14,96,
 37,46,1,33,94,12,56,8,89,71,41,29,74,95,77,55,3,28,59,3]
[33,18,36,57,61,33,91,95,22,92,53,11,20,45,3,15,28,52,41,23,54,14,70,1,52,91,
 52,18,16,90,31,51,95,11,40,62,11,96,21,36,43,15,80,64,86,9,2,98,25,85,51,13,
 73,52,36,27,67,53,73,3,23,5,74,59,74,7,30,59,25,4,37,49,10,26,53,44,6,21,54,
 6,51,41,57,35,88,22,28,82,15,93,43,55,61,32,61,1,17,3,15,24]
[93,15,53,66,82,16,30,14,13,44,63,47,31,70,57,42,25,19,16,82,62,10,19,3,50,28,
 42,24,80,76,89,68,85,76,87,19,72,88,9,16,33,55,29,43,20,40,65,78,4,99,57,58,
 13,73,73,70,14,9,55,3,90,17,19,17,15,79,82,99,27,40,61,86,51,97,76,53,68,88,
 9,67,4,23,55,3,5,71,23,46,75,99,50,93,6,32,99,14,15,64,19,77]
[6,14,16,18,60,23,79,8,54,57,60,50,19,49,7,38,83,72,54,74,93,18,31,68,47,8,91,
 89,1,63,78,50,92,53,39,61,59,6,61,37,95,97,89,71,52,17,43,60,44,55,86,100,31,
 61,61,82,83,73,94,9,60,92,74,6,62,74,97,7,69,54,51,92,73,43,16,55,43,62,30,
 22,33,38,93,50,4,29,39,56,23,84,59,58,22,49,13,89,72,97,78,11]
[1,73,81,90,71,60,81,25,54,2,92,72,24,85,57,54,11,66,72,47,24,46,42,68,17,61,
 89,68,6,99,56,75,43,3,13,5,27,23,73,15,6,99,42,23,14,60,51,41,62,72,76,67,80,
 4,61,11,71,89,60,42,37,57,8,8,24,74,40,1,9,84,17,24,24,36,5,96,11,14,92,94,
 56,65,27,81,70,100,90,11,97,37,81,77,77,88,12,31,69,1,57,47]
[36,95,83,99,50,26,27,47,7,44,82,7,87,33,27,21,65,1,38,50,96,56,84,7,73,19,44,
 10,66,18,10,96,81,91,68,88,49,31,95,24,29,76,19,47,36,12,76,95,17,3,24,41,28,
 98,46,2,40,13,79,32,29,37,88,25,15,78,51,69,85,53,88,32,29,43,23,32,84,21,49,
 31,91,9,73,74,79,90,23,96,31,44,45,87,62,55,68,31,88,90,60,41]
[69,51,80,46,66,62,93,58,84,12,62,70,54,3,96,51,70,35,67,94,90,58,77,25,72,59,
 57,86,53,80,36,97,10,79,60,28,5,65,76,50,45,32,22,63,30,73,23,76,64,84,62,65,
 87,10,4,3,41,60,29,52,22,28,42,70,34,93,49,31,73,4,4,54,12,32,60,60,72,93,69,
 90,28,86,84,16,2,50,5,72,46,60,45,61,79,87,55,75,96,97,60,3]
[35,13,88,17,23,37,66,79,44,70,9,52,94,97,6,63,83,70,6,3,99,26,88,62,16,2,4,
 53,18,13,59,77,20,68,100,57,69,33,66,5,63,63,87,56,64,75,75,7,79,42,87,69,2,
 58,84,70,3,16,80,67,54,57,59,10,40,7,78,10,25,31,16,82,14,6,23,2,19,54,54,93,
 9,73,28,98,35,52,72,48,21,70,88,20,71,47,56,39,71,55,42,58]
[61,51,89,32,90,64,53,30,73,18,72,37,16,41,92,75,96,83,27,53,40,76,43,65,54,
 11,51,56,9,89,35,62,70,92,96,32,39,77,29,13,32,92,10,79,45,79,29,42,19,27,54,
 54,28,2,24,10,79,39,43,76,72,20,41,31,29,77,55,19,37,42,57,41,51,6,4,72,75,
 91,69,7,66,73,16,95,24,73,87,76,45,99,81,91,16,67,22,57,75,24,8,4]
[8,33,81,85,65,32,5,77,39,12,88,17,9,28,55,80,2,76,79,77,76,86,24,32,5,6,63,
 42,1,1,100,37,37,16,54,88,19,80,33,61,14,7,23,41,78,16,31,20,81,97,52,94,17,
 90,13,62,52,7,89,27,79,9,6,99,85,78,64,64,75,88,52,96,60,4,85,98,50,90,19,12,
 18,33,25,2,76,99,36,54,80,59,3,90,46,36,37,55,73,85,81,85]
[40,4,53,58,76,81,96,42,21,84,4,18,78,46,49,54,11,80,54,4,46,33,41,38,39,22,
 49,21,42,64,24,92,46,27,12,26,73,14,27,93,23,26,86,83,97,75,74,87,30,59,65,2,
 88,97,55,73,69,75,73,26,36,63,41,65,40,65,54,25,70,11,100,39,42,46,4,64,61,
 30,5,96,10,69,24,35,6,69,69,7,46,58,69,30,30,51,57,69,41,74,80,77]
[28,86,58,20,21,100,79,8,80,61,90,4,12,30,92,31,70,90,36,21,56,81,68,55,10,24,
 35,89,10,31,69,50,6,38,63,96,47,64,46,37,6,82,42,62,35,76,5,33,24,76,39,36,
 95,86,5,65,17,44,34,39,97,4,55,2,7,91,82,69,50,32,33,57,13,2,90,7,18,32,34,
 28,33,4,82,71,29,69,94,86,58,72,37,5,21,19,85,8,90,93,57,97]
[91,87,69,12,89,18,66,31,40,27,12,83,81,6,56,46,37,99,36,28,21,40,34,81,22,3,
 19,29,75,59,37,48,56,25,6,81,30,48,91,66,33,84,46,64,70,72,72,37,15,69,56,37,
 56,31,81,11,69,37,73,40,20,94,89,53,96,70,9,69,71,63,66,96,7,17,68,33,75,8,
 19,69,65,51,100,83,57,72,92,12,50,81,76,75,38,75,84,46,27,72,64,97]
[84,9,93,36,50,46,26,53,72,99,98,89,10,91,10,69,77,62,72,13,18,37,87,2,61,38,
 83,38,56,73,86,8,64,39,12,59,21,4,7,2,34,83,88,5,29,73,54,13,73,25,25,66,64,
 48,52,13,52,45,47,2,46,97,52,39,59,27,2,2,64,26,12,67,13,89,81,48,15,29,40,
 49,90,91,100,25,27,32,56,63,78,39,35,9,28,31,69,63,28,59,52,59]
[45,54,92,68,55,55,80,75,81,78,31,29,53,88,57,86,97,60,67,63,39,45,69,56,94,
 81,26,63,20,36,5,58,42,54,21,6,81,19,38,26,93,27,46,11,67,67,2,12,9,36,57,84,
 80,86,28,23,94,39,29,23,94,10,41,87,2,33,3,28,2,76,92,88,33,29,100,49,98,71,
 41,72,86,91,19,2,62,47,46,98,56,55,100,92,30,48,6,51,55,73,55,88]
[54,52,77,99,16,91,15,35,50,82,76,20,14,63,83,68,44,91,47,48,74,24,70,7,42,34,
 24,51,25,17,63,79,82,17,25,85,34,37,88,73,5,52,1,75,41,78,20,3,66,33,17,45,
 19,10,29,15,89,59,77,39,24,15,10,55,20,20,14,1,4,74,99,20,74,93,56,31,57,59,
 86,27,2,22,87,24,30,30,85,72,36,93,77,16,9,10,16,89,86,66,86,13]
[35,71,53,1,25,80,36,53,44,22,91,39,10,35,91,90,37,75,72,88,5,59,60,43,86,92,
 32,39,67,78,73,81,10,8,19,13,71,53,24,43,46,46,87,57,76,56,51,13,11,9,58,70,
 99,6,31,5,93,15,35,78,88,81,13,52,38,99,39,27,4,82,21,1,89,70,68,18,32,3,14,
 89,78,13,38,20,3,70,29,31,79,17,14,66,76,65,59,57,64,47,22,13]
[62,75,10,56,49,58,24,93,92,62,90,39,100,9,90,18,19,5,27,11,56,79,61,55,10,20,
 32,73,80,27,23,4,40,8,51,6,34,67,72,23,31,1,62,7,16,4,91,27,9,71,58,18,25,57,
 54,51,19,90,45,6,30,74,5,96,30,24,59,92,33,72,53,66,75,69,99,43,42,16,57,88,
 80,51,36,75,73,16,26,100,18,58,37,95,9,9,38,56,82,82,21,71]
[96,6,80,87,71,73,74,97,32,85,71,23,5,86,55,32,99,4,72,80,94,94,57,82,66,45,
 97,38,51,34,70,20,11,48,12,95,52,67,48,75,11,25,13,59,65,13,45,91,24,13,45,
 48,93,27,37,38,11,66,66,47,19,59,42,29,66,58,30,27,72,43,28,38,75,5,20,15,25,
 13,48,56,78,6,66,7,27,12,7,34,55,78,79,13,57,79,53,26,59,4,17,68]
[92,30,94,25,64,94,49,81,67,13,87,82,44,84,52,10,85,89,70,41,17,33,80,92,97,
 39,69,70,88,96,49,20,70,27,37,56,80,52,25,54,92,40,10,99,46,41,70,79,71,34,
 100,11,92,90,37,44,21,70,31,23,78,75,16,55,68,4,84,99,57,29,35,66,66,23,74,
 66,37,93,80,53,97,36,53,33,59,26,89,38,55,4,38,34,36,79,95,90,69,25,2,77]
[86,15,11,45,31,67,18,57,32,23,66,52,36,99,100,40,89,42,78,87,70,99,22,51,3,
 59,80,63,77,11,57,1,6,63,76,61,73,100,62,22,11,59,50,28,51,91,1,21,41,43,52,
 57,92,24,39,2,17,76,86,30,17,3,46,62,57,62,52,65,37,61,3,3,77,73,38,3,48,51,
 88,88,94,93,3,46,30,51,50,19,7,26,65,79,64,73,69,83,98,30,39,90]
[44,39,76,64,56,26,60,49,60,97,48,11,72,75,7,7,69,86,59,67,60,45,23,3,16,62,
 66,85,26,36,86,36,37,41,52,93,48,12,91,27,7,15,55,15,88,37,88,79,72,25,86,35,
 71,52,23,19,99,74,12,54,17,10,10,32,10,51,63,73,67,20,22,55,51,33,41,95,65,
 46,44,26,92,92,88,5,79,30,29,71,67,10,60,85,17,63,79,84,98,75,29,74]
[62,10,68,31,83,15,72,39,77,74,89,4,43,34,42,85,49,15,55,50,94,9,94,40,65,67,
 84,12,68,71,80,57,29,77,50,81,70,6,7,46,21,52,40,85,32,25,95,26,14,49,24,3,
 88,12,86,72,16,66,49,12,17,80,61,86,88,97,10,34,20,43,77,49,44,37,51,72,89,
 63,94,39,90,61,13,24,72,46,61,6,94,75,82,56,98,63,26,9,2,66,49,78]
[3,91,19,79,23,5,32,73,97,68,84,47,31,17,88,15,28,45,24,52,10,49,27,35,37,47,
 49,11,42,45,40,75,74,76,20,15,79,72,70,40,27,22,56,59,51,47,49,1,81,93,64,65,
 7,22,4,78,49,65,33,59,44,45,71,22,43,82,85,28,34,57,33,87,46,34,99,57,90,92,
 50,84,28,94,4,93,67,58,84,24,47,23,64,52,23,65,21,52,62,35,34,59]
[64,71,5,47,38,81,78,25,22,34,67,46,88,42,51,84,58,80,35,2,38,99,39,9,98,67,
 29,53,68,46,8,35,17,15,2,68,77,95,35,70,27,75,62,3,33,28,19,55,41,73,83,50,
 96,26,25,91,86,54,96,67,22,27,84,86,99,6,37,81,12,85,56,58,61,59,83,31,40,70,
 14,82,51,29,69,86,74,27,72,14,94,21,91,73,96,21,22,17,40,41,55,46]
[77,73,13,61,51,62,41,96,36,47,98,3,35,44,74,96,69,92,20,25,33,68,67,60,12,73,
 5,100,20,74,81,18,23,37,91,100,24,71,15,67,84,97,49,68,71,81,88,35,88,44,55,
 19,29,71,52,35,19,58,65,9,34,70,4,92,61,23,17,63,8,80,56,9,7,94,8,3,30,35,69,
 38,86,71,83,37,30,65,91,68,70,8,2,60,18,35,17,97,50,65,36,9]
[62,40,15,21,35,85,20,90,8,85,4,43,37,30,100,1,38,14,24,31,26,83,38,59,91,21,
 4,32,78,86,29,38,34,92,13,34,33,92,67,64,92,56,81,75,19,85,42,7,91,19,14,41,
 62,38,72,76,68,89,70,13,86,8,13,35,18,82,37,25,58,73,82,26,10,31,84,40,31,47,
 71,1,100,35,26,39,97,6,44,22,48,47,51,38,64,78,54,74,49,100,5,41]
[46,37,90,37,49,37,68,53,90,72,93,17,79,47,29,15,41,12,98,2,37,16,34,73,53,64,
 51,77,62,3,26,43,72,58,77,2,99,39,89,73,82,32,58,25,13,76,10,22,97,94,85,95,
 92,60,99,94,19,68,54,15,58,6,36,7,74,95,11,3,68,27,29,76,70,49,87,8,25,21,61,
 64,6,46,38,63,29,9,37,98,11,93,76,54,95,57,18,97,46,9,98,90]
[74,36,36,74,35,100,4,30,96,69,91,5,37,65,18,41,4,15,86,82,81,50,64,44,10,3,
 92,32,65,71,52,4,18,26,93,67,80,9,76,80,72,61,22,38,63,58,92,12,9,24,52,14,
 29,29,28,22,56,80,49,45,44,90,94,4,59,58,64,17,17,83,17,48,18,82,57,88,44,58,
 47,9,22,86,43,42,30,35,28,87,29,48,24,61,58,89,56,45,48,78,65,96]
[89,86,40,30,77,67,66,28,85,98,68,53,27,13,14,36,37,84,37,89,1,80,54,49,71,65,
 58,51,25,56,26,28,86,99,53,97,22,9,31,55,20,22,22,63,1,97,91,98,35,38,97,16,
 54,64,34,76,71,49,88,71,12,32,67,41,82,1,82,96,27,64,8,4,44,20,36,31,55,10,
 14,89,91,43,99,86,34,8,35,98,52,89,1,86,91,96,11,42,82,55,98,100]
[58,39,6,88,6,38,85,46,6,63,40,17,63,20,33,58,85,69,83,15,83,55,97,54,29,46,
 51,96,48,90,68,92,24,99,32,12,93,97,48,79,91,65,78,77,72,80,27,78,34,63,70,
 63,6,27,82,41,33,46,85,80,51,30,7,87,30,96,70,63,12,95,27,7,65,6,1,35,68,87,
 20,39,79,67,91,49,63,39,16,54,16,54,28,84,94,14,42,16,22,1,19,49]
[68,69,81,14,20,55,14,80,59,40,58,1,16,9,1,82,77,86,63,98,47,57,82,46,88,30,
 57,96,11,21,81,21,39,22,85,70,35,51,20,55,86,74,46,52,70,10,92,29,99,26,35,
 18,93,72,97,52,54,35,42,54,46,66,33,90,55,70,79,89,38,26,91,21,31,3,64,36,54,
 27,29,25,15,45,40,65,30,51,92,63,47,16,59,84,5,47,92,53,42,90,88,82]
[39,67,97,18,4,86,51,96,38,72,63,93,81,78,95,81,58,7,87,36,77,18,24,66,10,78,
 40,58,9,12,59,68,7,56,31,39,9,24,35,51,6,43,40,99,84,56,59,22,56,76,90,28,46,
 10,60,63,53,98,11,91,90,79,46,94,26,3,35,76,48,83,15,45,40,57,73,33,19,32,14,
 5,82,87,99,32,2,44,89,31,53,11,87,86,45,76,28,21,69,89,28,66]
[20,60,41,97,4,36,23,94,58,39,95,12,43,60,38,23,62,83,95,80,76,35,1,98,69,48,
 72,4,13,19,49,33,34,66,18,68,96,78,18,69,51,45,20,90,44,11,3,8,75,55,13,42,
 23,64,5,26,31,18,71,4,44,61,32,2,20,75,10,17,52,1,48,41,76,8,90,85,35,33,85,
 13,96,71,32,57,14,10,73,28,84,52,87,98,87,26,64,75,8,52,64,20]
[29,73,49,22,61,50,68,63,38,29,45,54,87,4,83,2,95,19,43,80,40,74,46,1,62,89,
 78,47,93,7,16,25,17,92,88,35,11,29,60,70,84,8,20,85,27,15,63,2,98,92,82,32,
 86,90,57,79,15,6,51,69,44,7,94,8,33,8,8,84,85,49,22,20,65,51,8,32,100,21,16,
 64,54,52,73,7,77,14,2,45,32,31,71,79,59,5,83,4,35,79,13,18]
[40,72,90,18,54,45,86,22,35,89,16,43,70,69,31,79,55,85,83,65,96,8,19,26,14,10,
 35,92,96,13,17,6,88,90,62,85,15,67,32,25,8,56,85,80,59,41,34,16,68,49,93,67,
 76,84,17,26,33,38,56,29,71,6,36,62,42,34,56,83,74,91,91,56,95,59,98,33,89,39,
 99,41,2,47,100,98,93,97,77,45,13,78,43,31,21,7,42,62,85,9,83,47]
[4,77,38,32,61,87,97,8,27,81,13,42,16,88,49,35,79,23,72,52,28,54,74,36,54,16,
 62,43,31,5,39,69,22,47,85,29,82,88,49,90,55,23,77,68,50,7,3,22,95,43,4,92,47,
 37,90,51,40,77,53,50,53,94,87,20,84,36,28,18,37,16,49,13,60,45,72,23,64,11,
 69,48,22,92,68,94,73,38,14,1,88,21,76,87,48,15,11,38,37,81,98,51]
[4,17,66,67,32,2,37,8,70,24,91,74,6,96,40,72,64,69,93,69,48,58,5,78,78,15,69,
 48,49,58,64,27,77,23,55,9,89,83,84,1,77,70,10,49,20,43,1,78,68,62,52,53,47,8,
 4,75,44,48,33,87,81,45,47,76,54,97,22,97,57,19,3,13,43,88,40,84,84,23,24,22,
 3,37,37,22,82,1,84,43,82,17,99,70,77,95,67,84,41,73,89,15]
[24,43,46,26,6,50,61,66,7,85,27,39,1,14,98,64,26,16,19,27,53,13,14,63,12,51,
 72,52,14,46,99,28,99,17,34,50,47,78,30,24,38,7,77,68,93,59,83,24,84,95,42,56,
 97,39,12,95,25,89,92,8,30,63,8,77,3,29,10,8,74,80,43,46,18,87,30,30,17,99,4,
 75,100,79,64,50,48,81,32,18,72,63,56,27,50,47,25,85,37,5,81,64]
[98,16,49,52,27,45,38,3,72,85,7,92,85,92,100,71,94,49,85,98,7,35,28,86,86,57,
 48,90,88,42,67,49,14,87,37,68,81,41,57,77,59,29,68,2,66,95,15,62,25,15,13,21,
 10,66,56,13,28,79,29,21,77,11,58,59,39,82,49,30,85,88,65,9,95,12,79,21,17,75,
 59,34,81,87,47,88,83,99,51,4,72,39,65,93,65,9,26,49,47,54,6,69]
[53,45,79,21,35,42,12,16,15,26,82,70,43,98,21,55,61,21,69,53,19,80,37,2,94,82,
 28,13,90,29,93,10,29,79,73,13,14,80,11,32,16,22,87,3,60,35,41,62,69,31,90,74,
 44,9,78,32,76,44,27,64,87,6,100,68,17,59,89,79,76,33,75,2,66,36,81,47,47,62,
 34,77,58,33,31,3,82,80,77,90,20,16,14,65,79,81,66,29,20,53,39,87]
[78,96,34,29,94,35,13,27,61,30,14,60,75,14,83,5,31,55,71,95,26,17,29,37,96,34,
 4,83,69,34,2,67,57,70,28,7,6,99,29,56,27,75,87,81,39,65,57,47,97,46,56,24,61,
 70,43,28,69,35,13,20,64,55,39,53,87,64,65,26,28,12,8,90,48,44,87,25,19,8,32,
 85,70,50,71,12,8,57,37,64,16,42,49,7,19,53,34,4,94,3,40,86]
[67,9,41,21,95,66,47,66,99,83,93,60,34,99,3,66,43,65,20,73,55,24,5,69,19,21,
 27,40,76,47,43,65,76,39,2,54,4,69,76,85,48,62,53,43,13,19,9,78,85,91,22,31,
 44,61,12,95,12,34,27,83,98,1,42,18,17,31,24,39,21,93,93,60,40,82,7,77,87,38,
 26,78,13,79,23,64,48,63,29,47,84,85,75,14,9,89,50,44,28,8,35,18]
[1,10,40,23,82,74,46,28,61,12,55,20,66,34,94,1,66,23,43,13,98,7,58,35,44,34,
 84,38,19,55,90,83,70,51,55,28,97,68,8,7,44,79,58,52,90,95,40,93,39,54,85,39,
 85,92,21,75,25,51,95,13,90,71,28,43,33,33,34,47,10,8,23,87,78,77,92,100,1,52,
 23,28,37,23,67,11,85,65,98,77,33,100,41,89,64,20,65,92,100,60,17,39]
[79,45,11,49,88,84,55,26,91,8,28,53,65,51,66,28,64,75,85,23,35,30,72,27,59,29,
 20,48,38,42,72,68,99,21,3,2,61,19,50,22,30,97,78,82,45,69,6,70,10,42,42,6,53,
 17,94,34,61,38,2,95,55,77,99,21,40,79,29,86,55,1,41,71,11,6,21,91,18,87,44,
 23,87,77,18,91,65,89,61,54,97,27,12,71,35,91,77,24,66,81,99,90]
[71,18,38,73,17,100,60,10,23,51,76,79,33,32,49,5,27,59,30,59,95,56,60,81,80,9,
 16,91,66,8,17,73,2,48,39,100,75,37,8,70,78,68,56,28,9,96,87,54,76,16,62,29,
 20,27,90,44,1,100,25,59,25,20,81,79,90,17,94,82,10,73,20,83,13,71,91,42,31,
 43,37,60,99,69,47,6,35,15,47,79,67,79,51,54,52,78,20,77,95,38,41,56]
