[[12,66,86,61,54,82,15,66,20,99,95,8,61,67,57,78,25,45,22,66,20,70,50,17,95,18,
 28,87,2,28,72,12,18,4,29,51,25,58,45,91,77,31,18,70,50,24,8,69,32,93,32,45,
 83,16,87,75,84,49,30,98,83,78,38,74,72,25,51,60,30,16,33,20,63,91,9,63,61,88,
 20,10,65,85,31,52,54,51,6,45,22,39,31,38,54,11,78,91,42,89,44,56],
[95,89,59,33,47,8,7,85,42,13,75,16,5,2,41,57,37,68,13,73,45,46,19,42,17,5,69,
 44,99,79,47,89,22,53,21,31,50,70,96,42,23,40,93,47,39,64,86,16,35,42,56,44,
 51,91,42,82,64,51,24,60,29,65,81,21,41,86,17,55,4,43,9,89,48,66,39,74,60,54,
 26,42,71,29,32,96,96,91,86,43,93,86,63,50,33,9,77,60,15,93,9,88],
[84,12,48,35,11,96,64,75,38,36,86,53,36,5,25,15,27,48,63,16,58,54,65,81,40,86,
 57,46,28,73,1,70,70,99,24,18,99,42,99,6,18,23,24,39,84,13,89,28,71,55,25,45,
 32,15,100,65,85,90,22,81,31,53,77,93,52,62,4,8,34,70,3,63,58,58,98,23,22,69,
 54,67,42,40,42,43,91,85,37,30,41,6,64,32,18,59,21,13,16,39,15,14],
[65,35,22,87,60,100,63,25,58,76,35,90,40,44,64,79,80,11,9,32,27,17,40,48,62,
 97,27,54,77,53,29,59,28,50,99,50,2,64,91,98,77,1,60,47,30,34,29,41,47,93,37,
 68,20,87,41,31,89,74,94,44,48,77,21,15,26,72,38,82,40,11,17,8,38,6,54,89,89,
 15,97,7,20,51,17,12,81,55,86,8,42,33,50,14,42,87,31,38,86,26,74,69],
[10,14,39,31,46,73,62,80,32,47,87,28,20,97,87,20,26,66,59,26,20,54,83,49,12,
 60,50,14,5,78,33,65,62,61,47,82,38,13,49,82,19,34,15,92,91,52,39,96,69,55,86,
 69,72,61,100,88,2,72,99,76,92,37,42,60,76,75,55,53,94,91,22,86,55,21,90,10,
 26,11,41,78,96,31,54,53,36,66,20,43,28,17,74,84,14,59,95,19,8,82,39,48],
[39,5,76,46,83,97,70,69,90,53,47,3,51,7,87,91,7,52,3,72,62,55,19,86,10,21,16,
 52,17,27,28,95,4,71,31,83,8,8,71,91,93,78,39,12,4,2,99,74,4,48,90,8,55,81,11,
 69,96,49,72,45,84,67,65,43,7,4,37,70,51,89,47,94,34,91,34,52,7,86,26,49,55,
 90,8,95,74,40,53,16,36,80,62,98,25,91,32,96,66,59,45,23],
[46,48,5,93,12,70,23,63,70,26,89,48,90,35,38,1,93,48,2,17,55,99,41,64,70,27,
 67,93,59,72,59,15,42,33,93,93,27,50,91,76,56,28,5,83,5,96,17,71,70,80,16,39,
 93,73,71,56,6,29,47,38,8,15,27,30,55,56,42,15,68,12,13,72,49,72,49,98,98,78,
 38,78,17,70,62,9,89,85,22,34,70,5,19,41,85,60,40,39,73,18,81,9],
[96,70,70,76,6,31,86,20,29,83,81,65,18,80,86,35,6,55,8,36,99,44,11,64,94,98,
 93,70,20,21,68,76,44,19,79,68,34,43,39,20,7,92,49,9,3,6,14,52,22,51,82,2,51,
 29,54,1,89,87,30,77,30,17,92,16,81,39,18,73,9,75,63,4,76,60,11,40,10,37,49,
 79,25,88,51,61,37,85,100,33,16,63,95,63,29,73,91,80,20,35,98,47],
[72,61,92,21,62,30,78,15,27,61,25,60,14,55,19,73,38,83,22,2,61,87,58,25,20,45,
 14,34,96,71,60,6,37,97,64,50,79,25,69,76,32,83,63,95,40,43,32,89,55,9,41,7,
 65,93,20,25,93,64,68,9,66,13,37,61,46,56,24,29,7,51,86,83,69,40,82,59,16,68,
 39,62,36,41,99,23,26,6,46,25,76,8,69,69,2,67,36,24,8,39,89,43],
[47,38,72,54,27,50,35,60,36,32,37,6,49,5,25,81,91,2,24,76,21,95,47,95,95,93,
 34,93,32,52,29,60,16,29,57,59,25,27,19,4,63,71,23,58,65,65,66,24,86,79,31,37,
 5,6,70,45,86,54,81,90,82,83,31,10,90,11,7,10,3,35,29,70,49,42,22,76,98,66,49,
 60,77,89,71,89,16,98,89,66,6,3,90,56,18,89,86,27,80,71,65,11],
[90,81,47,1,62,17,4,29,94,70,34,24,88,40,62,40,77,38,79,77,69,78,90,69,12,43,
 15,85,68,78,35,7,92,77,34,40,81,4,50,40,96,58,47,13,65,55,47,72,17,54,100,55,
 65,28,1,61,78,93,30,92,75,19,83,14,64,58,6,34,76,36,35,65,85,87,30,40,46,83,
 89,49,10,65,2,33,20,58,58,79,46,37,56,38,55,22,33,49,81,33,43,81],
[51,48,58,86,9,91,93,48,3,44,58,49,7,78,78,81,85,49,3,28,29,69,12,13,3,10,46,
 95,95,9,62,37,43,39,66,47,8,73,90,43,93,78,25,10,16,3,36,75,32,48,71,93,79,
 76,25,32,61,93,11,25,55,71,6,69,32,99,94,10,90,29,82,81,7,45,9,24,6,83,83,43,
 2,55,39,26,54,60,31,22,41,40,67,12,81,93,4,9,70,90,26,46],
[60,28,2,14,97,56,10,7,72,10,97,89,28,50,71,69,66,80,66,25,7,78,20,38,39,27,
 53,36,9,45,78,24,12,48,21,71,60,76,49,41,33,80,13,47,18,22,48,90,54,82,80,68,
 73,70,77,54,19,47,91,70,2,13,12,7,26,77,73,35,46,29,87,64,59,52,74,67,8,44,9,
 83,95,86,1,75,41,1,30,73,34,33,17,53,12,97,62,4,91,96,52,27],
[28,44,11,6,55,26,50,96,72,15,24,63,64,85,18,39,88,91,51,42,58,21,22,85,16,15,
 91,29,33,25,55,74,95,94,58,66,85,78,5,94,45,62,28,76,94,71,26,74,68,11,9,75,
 9,2,27,52,46,23,48,77,59,86,59,3,1,17,98,76,46,37,27,39,21,86,58,58,4,2,27,2,
 97,63,66,69,10,73,23,51,46,39,29,39,97,46,32,55,40,65,69,89],
[53,53,74,30,42,7,18,81,46,75,62,13,30,100,19,23,51,53,86,1,8,55,62,39,13,17,
 77,40,62,77,99,43,18,7,25,91,73,89,78,68,85,31,59,30,26,6,53,29,82,56,92,88,
 28,85,28,4,90,50,2,38,96,2,34,54,91,19,33,82,78,96,86,34,57,19,42,34,74,88,
 78,6,42,56,51,76,14,42,19,27,91,38,76,59,64,18,3,72,32,86,67,65],
[62,76,46,46,6,83,75,11,21,36,12,90,61,64,74,1,85,66,35,7,17,8,43,14,87,63,86,
 72,68,79,91,85,61,28,67,62,49,68,60,51,18,93,28,87,2,91,7,24,57,21,26,82,28,
 28,35,32,33,99,17,37,66,74,50,95,10,81,37,21,67,28,12,70,79,29,63,37,29,89,
 34,9,74,83,6,86,5,32,32,78,47,29,93,86,61,84,87,37,93,1,71,45],
[70,25,77,97,22,19,5,46,32,90,67,27,30,27,82,60,8,19,2,72,71,21,64,65,6,11,4,
 52,66,30,44,59,14,13,9,96,42,26,22,92,27,24,93,94,55,19,53,27,4,94,4,39,55,
 91,21,50,30,5,78,36,4,20,77,60,8,19,59,27,46,33,96,8,71,85,45,100,29,82,53,
 87,14,76,94,89,13,36,14,50,78,77,39,9,45,71,90,38,2,52,64,93],
[40,77,82,18,40,100,27,80,71,16,29,56,76,3,66,99,35,67,61,22,69,72,24,24,83,
 69,6,48,24,85,69,91,31,83,83,50,38,3,94,73,37,78,12,22,32,85,21,88,13,16,52,
 55,37,69,25,4,89,29,62,97,26,92,93,76,55,15,82,24,73,39,90,76,74,64,78,10,16,
 39,35,84,67,52,88,11,14,79,45,56,83,52,47,40,68,27,4,30,53,40,4,88],
[65,15,66,75,89,71,45,72,83,7,13,71,3,11,77,4,87,93,18,69,93,83,49,94,64,77,
 58,99,65,23,75,87,30,20,58,73,30,37,78,77,96,6,84,73,23,13,48,29,62,51,47,64,
 13,63,77,29,80,100,27,65,89,39,44,40,97,50,25,26,48,19,71,31,49,7,22,33,74,3,
 21,78,73,20,4,47,17,89,6,64,12,17,73,98,42,72,86,67,46,41,5,70],
[52,54,50,92,28,24,23,89,98,82,63,69,63,30,4,33,29,50,12,36,40,7,72,26,89,7,
 13,31,66,49,59,87,45,37,21,37,84,70,100,92,33,91,30,53,21,30,66,67,31,59,56,
 60,7,17,83,26,67,92,57,2,58,92,57,59,64,17,43,52,9,18,15,70,57,13,34,33,93,
 58,79,83,42,92,66,4,17,26,45,27,61,48,17,69,61,11,1,9,44,11,17,73],
[96,22,85,97,11,7,69,44,11,47,40,74,39,79,7,32,48,55,66,12,95,93,69,51,49,22,
 16,60,25,100,21,29,46,46,46,93,49,33,98,36,33,32,46,47,43,96,48,90,81,33,41,
 66,74,65,22,100,31,58,17,70,1,30,57,63,74,96,92,25,28,56,44,65,23,65,78,63,
 16,48,6,30,69,41,100,29,55,48,12,98,9,66,89,21,25,57,41,17,11,70,97,5],
[58,16,40,7,34,59,87,83,77,79,37,92,53,38,44,4,46,88,23,63,38,5,55,61,5,20,17,
 40,64,39,10,81,96,85,66,3,1,74,31,34,75,100,10,44,12,49,66,40,75,8,32,51,61,
 98,71,85,63,43,39,63,95,2,32,45,70,86,72,31,90,22,71,57,52,23,45,51,45,64,37,
 30,26,21,49,68,27,29,82,38,16,30,64,56,72,45,86,59,39,22,76,18],
[100,7,67,61,39,43,72,43,16,95,31,55,11,66,40,47,99,77,2,73,3,63,76,97,10,14,
 61,21,16,88,58,89,98,81,25,82,100,83,1,15,24,1,56,48,97,66,63,69,51,63,60,81,
 90,19,31,19,68,10,58,75,96,99,49,88,68,82,69,87,98,2,20,83,28,93,53,71,56,69,
 19,50,76,17,75,25,46,88,7,90,54,22,85,38,76,56,77,68,7,43,55,70],
[83,31,72,44,80,32,1,58,22,33,21,81,16,85,41,48,72,69,49,52,32,16,39,71,73,72,
 52,95,30,66,98,48,90,39,53,43,57,25,42,97,66,11,84,76,37,46,4,87,17,17,73,21,
 55,67,93,65,89,72,39,28,94,23,87,48,33,66,96,68,57,35,40,82,50,96,30,20,8,44,
 79,87,62,84,11,26,25,48,63,99,21,54,33,50,30,2,93,9,86,71,56,97],
[31,64,53,92,16,85,36,96,62,3,91,22,87,32,29,3,100,42,15,68,44,99,98,89,72,72,
 46,57,33,100,26,85,33,33,16,29,49,12,9,49,15,91,70,65,88,7,75,96,94,52,32,54,
 67,46,2,58,10,16,89,66,38,99,65,33,81,2,54,77,63,79,73,7,4,22,18,23,36,90,27,
 10,97,66,58,10,82,18,97,23,45,44,8,20,70,82,95,3,15,82,52,14],
[42,79,41,9,20,47,27,25,42,62,43,75,64,40,57,36,55,2,70,42,40,24,19,3,61,86,
 94,12,86,16,22,2,6,4,76,44,75,100,45,77,6,16,47,70,16,73,97,38,95,72,56,43,
 60,24,72,93,32,68,88,54,75,41,57,97,22,24,14,68,67,43,96,21,48,25,90,10,24,
 16,83,94,47,43,20,9,80,37,96,51,25,52,15,48,35,7,19,66,81,36,17,2],
[81,40,77,3,59,79,9,62,11,16,4,98,43,96,50,35,7,87,6,15,2,79,46,97,19,47,81,
 33,56,2,84,88,95,73,43,16,70,64,50,91,34,6,18,31,66,39,9,63,34,31,71,47,2,26,
 30,2,72,55,63,41,85,52,80,72,52,82,80,12,57,32,68,33,2,89,11,92,48,4,24,8,73,
 33,28,35,76,97,25,62,8,10,53,2,51,78,41,21,67,95,58,82],
[50,95,67,52,15,93,63,72,75,87,87,83,39,93,82,82,27,11,85,29,98,7,67,53,64,77,
 64,63,13,37,21,53,79,11,72,93,34,72,98,13,100,53,38,53,48,65,9,20,98,56,38,
 40,26,7,96,29,80,90,46,59,49,72,9,76,66,56,19,99,66,59,24,65,31,49,70,33,22,
 56,77,29,55,37,55,25,28,53,74,76,82,63,75,22,70,88,47,81,4,12,28,36],
[35,70,76,25,95,32,51,36,90,86,63,97,3,9,56,95,30,65,60,28,31,30,41,67,64,12,
 5,38,30,6,71,11,67,34,89,15,3,60,13,18,47,81,53,4,54,39,81,82,3,15,52,49,23,
 60,40,78,75,19,40,89,42,96,25,14,9,53,2,5,72,61,66,1,4,70,26,28,89,52,20,85,
 56,34,52,99,63,84,78,28,86,68,50,27,81,48,78,47,87,43,97,67],
[6,95,65,45,11,98,54,23,86,54,60,25,85,30,89,80,70,64,59,64,3,38,61,38,44,83,
 65,16,63,29,15,50,43,58,32,40,64,4,8,34,28,31,2,6,81,58,13,34,22,20,82,20,41,
 41,96,76,11,57,59,28,22,2,59,10,84,65,91,76,72,39,40,32,19,95,68,99,78,9,68,
 76,85,99,49,39,18,22,48,55,8,32,13,72,64,90,3,92,30,76,32,67],
[86,43,47,42,45,74,94,55,51,36,72,26,37,1,38,96,99,3,50,4,58,42,5,83,91,23,93,
 79,75,84,92,30,33,24,24,88,93,77,15,56,36,7,70,71,62,45,48,65,51,86,94,35,8,
 34,26,6,92,16,15,13,80,68,22,73,13,93,51,9,15,11,96,53,48,45,46,72,48,18,36,
 14,4,79,58,65,62,22,1,58,62,71,25,89,82,89,76,54,99,95,62,47],
[61,44,65,44,86,34,63,68,10,100,44,21,31,40,54,96,47,89,77,71,67,49,75,60,61,
 95,34,20,1,31,17,54,47,86,31,42,24,31,35,52,34,91,38,86,29,33,80,90,57,49,48,
 37,44,56,86,15,49,13,28,51,19,8,1,89,88,18,1,65,98,27,1,21,75,74,77,14,66,94,
 75,77,16,77,100,83,36,36,50,77,100,38,14,18,40,100,75,28,100,100,1,81],
[84,37,37,71,35,17,100,26,9,29,49,61,93,95,11,75,50,26,17,35,10,43,35,22,44,
 49,17,75,16,68,84,20,5,82,96,94,94,28,37,22,66,43,59,76,47,53,2,9,2,50,53,82,
 39,38,55,66,8,28,27,65,63,48,10,19,22,86,82,90,99,81,69,38,56,15,37,35,89,4,
 82,17,39,99,6,25,45,42,33,79,74,63,37,86,69,60,16,3,50,1,24,15],
[21,50,52,46,28,76,97,99,55,81,42,88,90,70,40,23,31,87,80,38,78,20,46,65,46,
 60,64,13,59,9,21,50,65,91,96,75,23,5,40,70,95,46,52,76,7,68,14,34,25,25,97,
 65,9,94,72,15,4,62,88,83,36,23,22,67,28,98,65,59,28,36,51,33,49,50,94,50,6,
 54,95,74,69,76,85,25,28,11,38,19,36,90,40,1,48,51,31,5,34,35,52,80],
[92,87,27,1,39,49,43,18,79,9,47,98,19,45,75,56,93,29,48,68,84,59,38,91,17,72,
 68,40,84,6,12,10,19,62,34,69,1,46,24,14,77,70,11,99,14,17,37,50,90,24,79,81,
 62,16,97,87,51,38,54,46,100,52,41,51,15,24,8,8,14,95,76,27,42,24,61,66,20,60,
 74,16,8,54,90,15,35,55,80,71,68,14,52,51,4,51,66,70,11,13,16,17],
[26,51,51,38,68,20,23,63,10,10,33,8,93,82,18,76,23,44,49,68,30,32,100,47,98,
 20,25,34,27,41,96,45,22,83,98,42,57,40,32,64,77,13,5,13,53,64,55,80,75,64,96,
 45,40,65,61,10,99,4,94,16,37,55,98,43,23,87,47,62,97,75,94,30,97,37,19,21,44,
 8,43,78,47,70,54,66,96,10,73,71,56,22,52,64,80,76,24,35,14,69,78,48],
[66,84,81,76,31,13,85,82,21,46,25,35,37,85,76,94,14,76,84,73,70,44,9,85,23,46,
 50,54,66,16,86,56,92,39,11,3,63,28,91,81,41,56,1,11,90,50,4,21,60,20,43,97,
 69,83,89,52,61,17,74,95,51,49,42,34,18,89,57,12,11,91,66,64,58,28,34,84,21,
 18,42,35,11,50,87,25,34,42,53,3,34,12,77,97,4,47,19,35,59,58,91,9],
[55,21,71,94,85,63,84,34,31,71,20,44,67,7,21,94,95,96,54,61,58,84,3,22,33,53,
 74,10,32,25,94,26,69,59,24,39,43,54,35,53,37,9,33,5,33,23,93,30,20,18,20,39,
 5,64,74,90,81,86,36,22,57,64,76,66,98,76,7,3,32,13,47,90,69,62,79,53,86,55,
 92,37,38,15,75,31,93,70,28,94,65,16,83,91,39,3,47,88,32,56,74,58],
[52,9,20,40,37,76,9,57,43,76,6,5,44,95,94,79,45,80,31,44,42,95,48,48,42,90,86,
 22,96,85,64,37,99,71,83,21,62,42,13,2,12,37,65,67,47,64,73,19,16,85,14,30,53,
 69,28,7,96,45,4,7,21,2,89,1,19,19,47,71,9,54,76,13,7,75,83,64,9,89,98,54,20,
 60,62,57,75,95,39,90,27,31,41,35,71,72,10,81,98,82,4,91],
[38,39,73,29,6,96,33,84,99,43,91,3,12,76,15,75,53,68,47,45,100,33,10,17,43,22,
 90,46,16,92,25,69,37,53,11,98,83,91,90,6,9,80,83,76,29,92,5,22,73,91,16,77,
 54,21,93,69,38,92,66,100,62,24,30,81,26,2,23,71,62,14,68,74,37,90,22,84,12,
 84,100,75,39,74,1,8,81,28,67,9,81,62,4,99,40,21,12,43,25,11,25,11],
[8,60,99,54,61,77,80,46,58,36,48,32,68,5,75,76,96,48,93,28,71,46,16,99,14,19,
 51,77,16,98,46,73,22,60,27,44,35,39,97,10,6,1,16,70,24,87,66,78,65,92,5,12,
 48,70,39,55,11,62,85,50,77,68,21,33,18,10,91,3,46,11,31,43,57,28,39,64,2,2,
 27,69,47,58,72,78,51,26,94,73,71,24,83,27,77,31,4,47,22,1,76,21],
[27,46,71,9,12,33,97,15,96,4,65,95,98,28,88,99,52,80,78,75,66,76,22,83,28,100,
 76,67,6,58,96,7,81,40,14,47,89,56,100,89,99,52,45,95,42,96,12,8,87,77,83,11,
 54,79,26,33,68,65,82,26,59,51,12,13,17,96,50,65,63,53,95,25,84,46,51,78,24,
 94,98,32,16,97,2,64,6,99,91,88,26,57,15,27,31,50,79,28,9,67,14,22],
[42,21,21,38,97,11,41,33,49,99,40,73,84,42,75,8,10,81,17,61,74,13,52,79,71,65,
 47,49,82,92,15,15,71,78,84,36,96,59,46,58,14,68,55,79,89,87,12,48,31,100,25,
 94,19,69,71,19,94,17,23,17,31,96,25,46,53,39,5,7,48,61,91,45,32,47,50,34,92,
 68,66,39,42,100,62,4,27,77,72,97,95,82,43,3,94,1,88,70,85,60,86,77],
[21,26,27,48,33,86,29,4,88,74,30,88,73,83,6,93,32,1,80,73,55,94,22,40,4,91,55,
 30,92,43,61,1,25,62,78,80,27,58,13,91,25,31,47,26,53,68,88,76,77,56,99,49,62,
 68,37,47,79,63,19,33,70,11,11,77,85,34,42,40,2,99,26,20,38,11,63,7,68,41,18,
 47,48,100,78,13,17,71,94,10,34,91,60,14,93,83,69,36,18,9,1,8],
[43,99,81,22,71,25,95,94,73,12,63,87,81,47,85,77,33,32,6,70,11,33,90,92,30,59,
 87,71,27,54,21,72,7,94,6,38,67,83,42,19,8,70,87,60,20,65,12,92,74,67,72,5,79,
 6,37,72,63,10,33,15,57,80,48,94,71,44,96,67,21,64,40,12,40,58,11,46,5,5,87,2,
 78,75,9,6,67,60,63,4,66,86,7,68,35,40,81,67,63,69,46,43],
[62,69,78,85,99,37,68,91,92,72,3,75,81,85,1,63,97,76,88,33,56,87,85,43,43,12,
 12,46,58,37,53,10,9,73,9,60,24,92,22,79,54,39,51,71,22,36,83,78,11,10,74,14,
 36,87,43,11,85,84,74,33,2,45,7,68,82,84,79,72,75,16,58,84,88,60,81,20,20,56,
 82,76,71,88,100,21,9,11,69,50,63,42,38,76,84,45,10,74,89,61,70,14],
[80,77,88,99,92,15,18,39,94,5,50,84,93,83,98,79,53,31,80,29,13,45,66,61,9,21,
 38,67,98,36,59,73,78,92,36,49,35,84,6,56,98,5,89,91,9,33,43,45,72,82,50,25,
 54,39,67,34,91,71,76,27,30,8,41,48,39,15,1,11,34,72,24,30,37,47,87,66,49,87,
 94,98,15,25,38,9,99,93,37,66,62,72,17,77,88,83,61,4,77,10,57,38],
[31,90,11,15,35,51,87,45,64,24,44,44,31,25,54,78,98,67,47,20,28,15,8,75,45,83,
 23,39,25,66,46,84,84,38,67,44,36,69,28,53,42,86,91,65,35,89,97,30,70,28,74,
 97,27,85,47,73,69,57,69,11,81,69,76,55,74,58,11,66,63,80,46,95,12,41,61,80,
 92,53,49,63,3,73,25,68,91,31,72,41,73,96,40,23,28,87,33,79,87,29,5,92],
[22,50,80,10,26,1,50,53,80,93,94,9,64,5,89,11,17,64,23,17,20,89,8,58,2,26,24,
 5,96,88,78,64,83,28,27,78,43,43,32,54,82,64,85,5,94,76,91,23,92,80,4,54,41,
 25,94,95,88,17,43,87,16,89,71,34,43,85,28,38,24,89,87,59,17,86,7,41,94,96,12,
 37,17,46,16,67,55,96,6,62,55,57,99,93,21,68,76,36,52,10,7,49],
[43,18,89,24,81,80,92,68,96,26,98,50,51,63,93,40,44,2,29,61,82,44,75,37,17,68,
 99,6,37,96,97,88,21,85,1,79,9,53,30,66,2,49,47,63,88,23,21,18,41,51,81,48,16,
 18,1,39,10,89,29,92,68,99,78,77,34,69,17,25,27,22,12,89,19,34,11,30,64,85,52,
 30,32,21,47,73,20,10,90,98,40,9,42,31,79,71,15,44,57,62,65,88],
[35,96,56,47,3,78,60,73,81,52,41,78,71,5,28,17,63,18,31,7,64,87,92,81,55,82,
 89,48,21,58,23,81,52,65,45,14,24,53,74,6,36,56,82,51,30,53,79,80,89,28,16,21,
 26,88,50,60,42,86,24,18,17,24,31,29,13,9,68,63,11,66,91,53,90,50,85,42,36,11,
 8,88,5,81,74,50,65,60,40,15,34,92,53,91,23,43,8,94,63,38,100,43],
[21,26,69,53,10,85,42,84,23,98,91,26,46,35,34,68,98,75,77,21,73,55,40,40,70,
 52,85,20,93,17,92,48,100,89,37,71,33,37,18,77,97,46,20,74,98,41,59,25,92,36,
 76,98,9,70,92,43,78,42,17,79,94,13,99,46,65,50,74,94,33,32,6,20,85,55,81,13,
 87,68,68,62,80,66,80,47,48,14,30,63,88,48,39,64,18,9,90,32,45,73,87,26],
[65,33,82,6,55,30,29,63,28,13,99,74,78,22,64,69,4,70,46,44,94,53,26,87,5,20,
 91,38,37,83,26,76,37,19,47,77,71,67,45,11,59,13,96,55,46,38,67,87,68,7,47,32,
 10,21,78,60,58,46,61,32,79,92,54,33,34,34,94,78,40,92,39,6,77,16,60,8,43,55,
 6,40,67,82,72,37,8,21,92,90,53,39,35,81,26,21,19,96,44,41,81,57],
[14,93,2,98,83,29,70,57,68,13,70,66,67,60,11,42,37,46,32,93,3,86,31,61,53,56,
 47,19,26,75,27,1,39,87,88,43,46,36,74,19,26,70,8,100,8,39,1,70,89,18,57,60,
 74,15,59,55,79,94,33,50,18,63,47,10,30,39,54,65,2,94,98,13,28,4,86,25,19,15,
 72,55,71,11,5,65,83,42,93,86,95,52,23,77,69,24,55,88,33,71,61,45],
[23,18,61,28,42,7,20,55,35,35,95,32,63,37,25,35,38,82,17,43,58,84,9,68,39,37,
 18,43,30,3,60,58,9,94,16,37,93,60,33,49,86,71,4,17,62,38,16,59,61,16,1,71,74,
 38,11,74,74,31,76,74,73,52,17,9,58,56,68,17,65,12,10,97,66,34,15,74,12,100,
 41,80,82,88,66,41,29,71,21,56,72,48,21,66,77,61,2,27,57,1,49,24],
[8,43,57,83,73,37,32,68,67,66,61,91,84,95,43,4,90,46,33,89,36,65,62,75,84,7,
 64,59,97,45,57,89,46,6,89,41,54,90,12,18,56,84,49,93,85,66,36,19,22,40,63,95,
 43,90,44,46,10,14,49,82,89,55,44,28,3,95,66,92,37,95,78,80,69,100,58,76,47,
 90,49,19,76,20,50,62,66,72,70,42,24,62,55,57,48,10,83,57,81,13,48,74],
[7,7,10,74,78,90,74,58,40,82,86,77,26,29,59,87,28,76,36,1,37,25,93,87,83,79,
 29,3,54,94,65,7,62,87,47,42,64,61,47,77,65,85,53,100,29,41,51,26,39,32,67,69,
 7,81,47,16,52,67,57,70,37,66,4,68,78,49,5,6,48,7,54,95,10,30,66,63,46,65,42,
 23,68,87,56,64,62,21,33,74,75,62,38,29,59,100,87,26,15,68,38,21],
[28,69,51,67,40,43,89,71,86,32,27,73,1,71,82,53,5,77,1,44,92,93,44,83,48,90,
 44,69,2,60,11,55,14,64,20,77,23,63,44,85,48,100,63,38,2,98,96,18,45,25,35,91,
 71,53,69,6,78,76,51,12,10,98,30,95,56,41,28,5,7,73,75,53,92,60,21,45,5,25,36,
 96,91,80,42,31,40,83,20,3,47,75,98,9,75,29,1,83,5,93,12,84],
[38,79,96,93,48,30,54,63,80,68,61,90,89,74,12,67,56,95,17,3,38,13,22,59,76,36,
 37,97,91,89,85,8,24,21,47,25,79,82,92,17,81,42,19,29,32,91,96,35,79,68,88,27,
 22,48,42,90,15,10,96,82,31,86,15,81,72,57,27,71,95,28,39,11,50,88,83,70,46,
 57,25,54,17,80,3,70,46,37,90,89,50,79,44,7,65,61,7,27,65,10,34,21],
[45,72,79,9,65,80,88,98,80,38,12,23,34,63,69,96,89,33,94,71,39,64,10,12,55,38,
 22,92,70,12,22,94,22,25,3,88,2,22,72,68,22,62,45,82,71,39,78,16,99,27,59,24,
 45,18,46,78,66,34,46,43,36,29,25,70,82,97,87,23,65,69,47,99,73,70,77,18,3,55,
 45,22,20,8,59,29,11,25,32,26,59,46,53,73,66,90,78,1,74,82,70,60],
[96,89,42,78,53,87,66,28,57,100,26,63,51,96,19,11,88,65,74,67,56,2,67,68,99,
 92,74,48,65,50,30,89,74,14,47,100,26,57,85,36,70,84,8,22,28,35,54,11,36,72,
 99,55,23,46,80,77,80,45,45,50,10,62,10,38,99,80,83,61,51,69,44,3,79,30,7,32,
 70,50,42,11,8,10,57,97,36,22,67,21,97,14,31,53,98,40,27,1,15,13,66,2],
[74,60,35,29,37,62,28,28,35,77,49,97,21,31,20,42,71,61,69,31,99,26,36,75,98,5,
 12,47,55,80,57,74,39,55,23,93,59,69,47,58,32,88,84,58,75,43,93,34,95,54,48,
 91,2,27,82,82,58,40,14,55,31,56,9,37,23,89,12,27,89,77,56,36,93,68,8,54,88,2,
 43,39,60,99,75,95,27,22,50,73,78,41,4,93,2,36,71,12,17,36,5,34],
[47,31,2,50,27,74,50,86,91,87,91,33,60,25,16,91,54,83,85,27,43,33,3,44,24,86,
 78,32,86,34,96,36,85,20,77,99,69,89,97,100,78,43,19,76,3,5,23,19,27,56,98,3,
 41,15,50,25,97,94,41,20,95,69,45,24,93,57,68,35,69,73,38,24,24,62,12,65,75,
 37,48,77,3,28,90,5,100,81,65,5,94,16,53,43,11,54,60,10,82,88,27,33],
[51,88,52,94,3,83,90,85,14,52,91,1,41,77,44,30,62,69,51,35,43,44,96,100,78,43,
 40,74,98,25,66,61,20,15,40,30,74,34,77,14,4,2,32,11,6,15,78,5,66,95,33,79,37,
 15,55,63,87,20,57,95,20,38,73,1,10,11,87,33,35,1,95,33,56,16,13,9,70,57,26,
 13,2,78,26,12,74,63,3,36,54,1,5,73,1,29,97,46,76,46,41,37],
[50,41,17,22,30,75,79,26,98,11,41,1,3,14,87,67,63,67,30,76,7,69,2,16,12,17,5,
 24,38,73,5,15,27,44,75,80,31,45,37,49,84,90,81,34,80,9,26,43,78,83,36,33,97,
 81,2,49,96,93,49,26,72,92,39,17,41,12,89,64,88,23,43,32,5,86,4,89,74,50,73,
 14,5,76,79,17,63,5,96,58,92,71,16,4,54,56,38,30,89,14,61,12],
[79,38,82,63,44,98,35,27,1,63,75,71,61,39,59,95,2,38,71,70,36,14,38,50,52,6,
 47,47,51,51,10,98,49,22,1,35,56,53,53,33,76,60,18,8,39,74,80,77,45,6,14,15,
 40,56,15,42,5,79,38,43,13,1,6,51,59,93,53,54,27,5,45,78,71,17,24,30,76,38,65,
 94,32,23,6,98,10,43,64,61,24,67,66,34,87,49,43,28,52,95,81,15],
[15,48,52,68,74,83,24,37,82,53,98,48,96,4,32,6,63,78,12,47,91,40,85,95,59,36,
 26,10,94,21,80,58,20,95,64,13,79,67,37,63,22,15,98,24,33,24,1,20,100,37,95,
 11,6,51,34,41,71,10,70,89,31,17,6,38,48,87,72,65,93,59,51,85,89,89,37,93,64,
 32,97,14,2,11,17,13,55,72,6,98,75,59,73,8,58,63,11,45,3,53,33,60],
[42,76,70,38,38,30,93,10,55,15,45,98,8,84,79,45,76,87,81,99,57,99,30,8,48,61,
 5,98,81,80,49,24,24,58,29,64,1,87,44,80,59,56,94,8,81,56,77,67,17,56,3,35,60,
 53,9,8,55,31,57,95,17,17,62,15,62,82,10,1,45,3,100,1,8,41,35,10,78,23,92,60,
 10,79,83,83,99,87,40,7,81,94,5,83,25,5,74,42,10,98,40,22],
[96,40,7,70,79,69,16,72,72,97,10,21,20,82,93,98,7,41,39,34,10,55,22,3,69,98,4,
 61,70,22,72,70,54,9,92,46,3,94,82,31,69,69,67,15,68,40,81,25,69,33,27,37,34,
 21,77,36,59,86,56,94,11,53,30,33,58,19,55,38,58,68,47,78,82,16,89,46,12,17,
 42,83,96,22,55,58,68,88,55,86,83,25,27,80,63,48,68,15,94,30,81,96],
[44,95,36,55,2,52,79,26,81,71,28,81,74,10,61,40,51,2,24,69,84,63,46,50,42,58,
 11,96,95,56,5,17,18,17,62,6,44,45,18,39,91,80,12,40,27,43,82,71,75,49,59,2,
 73,79,47,42,83,80,59,19,32,78,49,42,43,49,65,87,21,7,29,57,11,16,73,93,89,87,
 34,37,86,87,81,5,39,80,33,5,35,23,94,42,97,5,75,76,36,27,78,18],
[94,62,38,100,80,16,95,20,14,98,10,52,20,7,30,81,13,79,80,94,14,44,4,75,43,94,
 100,8,75,78,12,16,30,16,18,29,76,71,95,69,92,26,53,87,61,15,32,67,22,83,96,
 33,27,45,8,99,76,54,34,87,88,83,14,71,10,79,9,17,95,1,32,62,49,17,80,22,13,
 69,58,13,39,85,68,12,8,87,86,77,74,15,84,87,5,13,13,91,88,30,100,34],
[97,11,54,44,96,83,93,82,23,80,8,71,27,50,67,61,50,47,10,43,27,67,68,53,77,85,
 50,33,41,5,5,59,85,3,68,29,4,63,29,80,28,16,44,61,17,66,46,78,53,26,50,34,7,
 23,71,35,72,59,93,84,75,15,97,46,91,65,28,53,37,100,27,36,83,32,83,21,59,48,
 31,3,42,50,16,57,1,54,89,19,8,85,60,54,35,86,20,80,41,50,19,77],
[55,31,20,42,65,13,52,37,20,22,89,25,81,26,8,13,33,93,12,99,54,70,12,54,94,17,
 67,83,78,39,37,93,12,32,50,46,19,69,34,77,71,13,53,62,5,21,31,94,26,34,87,19,
 55,62,67,98,95,87,2,63,12,42,17,81,93,6,50,91,63,62,93,71,18,71,12,76,83,48,
 70,93,79,96,37,23,99,96,18,8,26,53,40,82,14,25,79,93,8,6,100,9],
[16,46,82,46,24,77,18,3,76,49,11,68,9,12,53,82,33,49,17,2,79,59,23,48,69,63,
 99,94,80,56,88,86,49,20,59,41,75,29,47,16,53,26,6,23,41,76,71,93,74,8,16,14,
 6,89,5,93,49,39,70,28,14,89,48,14,44,19,1,7,32,96,29,17,59,14,46,8,70,65,28,
 15,73,64,34,91,84,47,45,28,32,60,57,83,5,82,53,2,49,6,46,93],
[24,40,48,82,68,61,25,54,75,60,81,100,93,43,91,57,83,23,95,27,40,38,56,29,65,
 56,50,75,9,85,57,90,15,62,13,90,76,63,36,76,66,25,73,8,79,57,49,98,41,63,46,
 82,26,51,72,23,90,57,22,78,75,60,35,95,85,62,11,38,1,4,35,97,8,91,49,78,99,
 55,16,62,22,35,81,30,76,31,31,73,3,61,53,51,25,62,22,75,44,11,90,79],
[83,54,99,49,99,40,1,25,11,59,59,90,87,84,26,45,53,31,84,53,32,55,9,36,29,33,
 85,95,81,36,22,10,62,58,31,95,56,68,10,59,94,33,34,91,26,44,45,33,43,15,7,95,
 36,4,8,21,28,1,86,49,81,45,31,74,54,28,60,43,2,43,12,92,82,78,18,46,19,27,74,
 68,79,47,57,36,38,17,75,62,2,78,41,9,49,84,60,7,58,44,8,60],
[17,36,1,9,53,11,69,66,86,33,62,5,55,41,69,22,93,68,86,39,65,72,60,43,6,87,69,
 21,35,59,45,62,72,55,55,67,12,38,64,5,62,36,80,49,21,88,58,98,60,24,29,54,70,
 2,46,2,4,25,53,28,96,6,67,79,80,80,75,77,4,71,57,72,51,74,51,41,81,45,61,93,
 1,93,4,84,73,4,37,12,79,16,4,5,92,76,58,24,15,51,79,46],
[98,34,11,42,25,98,6,84,84,25,82,14,60,41,28,45,23,6,3,17,50,70,70,79,67,13,
 57,97,8,86,30,58,22,67,73,94,38,96,6,67,23,45,81,86,52,29,70,46,24,10,34,58,
 91,65,99,39,10,44,87,12,74,17,54,63,88,53,50,96,93,27,20,93,82,98,20,99,20,
 70,18,1,85,15,1,18,91,14,18,85,46,12,95,72,66,28,16,35,6,43,68,35],
[46,52,71,10,77,59,53,63,87,56,40,98,70,85,46,18,28,61,12,88,60,19,56,49,45,
 100,14,69,52,17,33,44,38,94,12,87,16,96,62,67,88,51,72,12,54,18,42,84,75,37,
 100,14,100,65,78,57,14,46,26,100,43,32,19,46,81,58,98,82,39,7,1,4,14,98,100,
 30,39,74,98,66,75,38,96,51,23,42,19,67,12,2,3,50,25,100,87,52,19,97,5,89],
[74,75,40,9,48,70,22,65,100,22,76,11,37,68,38,50,39,75,71,95,65,8,4,31,100,24,
 8,25,40,19,22,97,20,43,95,64,29,5,11,34,38,2,99,11,18,27,34,62,41,80,15,84,
 37,17,34,87,69,62,64,41,29,90,50,82,18,95,84,89,87,45,77,72,68,47,70,21,71,2,
 95,60,94,93,60,5,27,53,94,56,22,11,42,40,30,42,100,53,68,37,2,63],
[24,30,78,61,63,64,27,55,54,83,9,46,93,27,95,78,21,47,64,63,12,99,75,48,27,68,
 52,100,32,19,29,23,79,17,65,52,41,36,25,59,93,82,19,85,3,22,20,55,35,19,100,
 32,8,29,100,13,13,4,17,90,15,81,67,98,35,45,31,54,78,74,13,93,5,81,56,55,60,
 61,53,23,79,56,71,66,10,91,70,6,56,23,2,82,20,91,35,35,10,76,68,31],
[66,17,74,16,23,91,14,90,96,11,69,34,72,93,56,32,45,33,21,84,100,10,95,71,33,
 43,57,49,95,87,62,71,99,61,66,20,69,10,56,77,91,39,75,9,66,34,23,2,98,35,32,
 59,95,48,29,99,49,86,69,9,24,54,64,32,21,12,14,22,42,32,72,74,67,21,82,99,22,
 77,90,76,2,8,18,59,83,75,39,88,27,78,77,48,19,28,40,9,97,8,24,32],
[60,30,6,42,87,33,71,86,22,95,19,13,59,48,1,36,1,28,80,9,80,92,12,42,14,72,38,
 1,74,56,15,9,26,80,30,1,40,28,80,79,60,60,49,32,22,72,80,62,25,42,80,24,99,
 60,65,46,86,69,63,21,9,26,78,39,67,54,2,57,6,86,85,21,45,94,46,19,84,7,62,70,
 18,31,35,31,87,9,59,69,92,51,38,95,83,7,61,84,86,75,76,66],
[22,81,88,46,33,26,21,96,70,53,77,95,55,98,62,89,71,25,48,81,52,64,99,45,37,
 58,36,71,59,21,72,94,70,29,53,99,28,27,12,49,4,57,71,18,14,9,65,52,4,56,42,
 91,44,66,1,79,83,13,36,35,20,75,45,10,30,47,99,96,76,7,81,100,71,22,24,67,71,
 76,1,14,26,72,6,98,1,59,96,26,39,12,91,90,69,82,73,60,73,72,2,37],
[41,46,98,94,92,98,80,75,12,2,46,79,99,54,88,87,22,91,35,99,5,20,21,48,2,14,
 67,65,73,52,67,42,78,3,12,96,16,42,11,32,13,56,77,12,85,98,7,81,100,81,4,88,
 45,74,62,26,17,65,53,72,94,69,62,3,70,7,53,40,47,48,15,31,78,59,77,65,1,21,
 22,84,26,17,13,16,68,9,26,27,49,44,22,16,37,25,46,86,77,99,17,70],
[83,65,3,44,66,59,61,74,18,91,55,89,8,67,12,28,68,56,15,2,21,23,17,72,34,34,2,
 56,68,62,91,86,42,10,47,45,88,43,1,92,83,70,66,80,33,26,76,19,74,65,66,92,59,
 49,7,82,15,99,41,16,52,56,100,79,65,28,96,45,14,93,92,47,69,18,65,92,90,61,
 12,62,32,2,59,76,2,23,3,75,2,35,32,89,92,76,5,16,91,14,99,73],
[1,42,3,23,71,77,26,93,90,66,75,95,57,89,81,17,70,33,71,55,20,25,24,39,8,23,
 31,5,72,95,4,24,85,70,40,66,11,15,1,37,89,35,58,88,93,42,4,33,90,70,70,78,47,
 39,48,27,10,90,71,61,92,68,73,72,46,23,97,30,96,93,99,78,8,55,95,40,67,71,43,
 100,71,50,86,5,26,71,41,63,2,89,71,29,100,86,70,87,91,61,13,57],
[49,36,58,44,42,68,52,26,97,94,3,97,69,10,94,3,87,66,57,16,79,38,61,84,10,49,
 42,94,96,37,73,4,4,11,62,72,86,53,24,61,18,66,3,17,50,61,82,98,31,87,54,31,1,
 43,30,63,86,29,56,95,76,89,86,31,100,2,50,66,52,35,6,87,46,98,19,23,88,41,71,
 31,12,53,85,100,9,41,79,40,28,9,27,48,15,88,63,28,72,27,8,31],
[24,22,25,90,61,23,86,79,88,89,46,6,20,62,67,43,66,89,80,95,73,84,71,13,41,64,
 15,100,4,2,25,58,25,8,94,72,21,60,15,29,35,19,33,83,62,67,59,68,39,3,22,87,
 55,98,88,82,82,59,15,41,89,38,46,4,28,98,92,54,74,32,46,98,76,50,88,46,94,46,
 39,100,20,96,90,2,27,66,27,67,2,74,58,3,39,37,69,56,16,95,27,87],
[97,88,98,70,82,97,3,75,56,33,34,96,96,90,34,39,44,31,25,38,33,83,74,12,73,76,
 73,48,31,37,82,20,51,38,92,43,48,73,38,35,98,53,18,63,29,49,29,24,16,90,3,73,
 86,37,7,76,65,8,89,43,79,44,86,48,11,55,92,52,43,10,98,42,77,16,18,73,55,59,
 14,83,1,22,41,100,19,50,39,67,32,62,91,34,7,96,60,9,77,100,72,31],
[74,87,12,3,48,26,43,30,98,15,55,9,30,36,7,35,98,47,50,46,9,57,40,63,50,64,59,
 98,62,31,9,11,1,75,13,84,61,100,31,1,80,24,84,36,84,65,19,85,77,75,50,32,67,
 77,99,9,95,67,39,59,36,50,66,22,14,43,51,51,88,35,29,78,35,82,72,38,52,29,53,
 97,24,45,31,53,61,55,74,8,72,35,43,95,20,7,81,39,68,41,50,84],
[39,20,34,89,43,28,70,15,89,53,19,35,92,68,53,37,1,2,89,61,39,10,60,42,30,4,7,
 81,36,25,32,84,83,58,86,73,87,40,99,88,57,88,26,97,45,67,36,54,67,45,69,43,
 79,29,66,82,13,44,96,80,13,84,60,71,100,58,58,91,76,10,45,45,48,91,45,42,11,
 96,46,77,26,100,25,27,4,87,97,44,61,9,26,42,62,59,11,67,69,45,16,85],
[17,19,47,7,17,75,6,15,80,15,27,86,7,34,31,10,33,37,72,92,46,1,48,31,65,9,65,
 54,61,76,28,94,33,64,92,99,90,48,93,81,13,84,22,53,43,7,68,95,15,71,68,83,21,
 25,96,3,12,77,14,98,88,16,19,78,79,80,43,85,90,62,88,99,69,66,46,7,88,61,30,
 35,98,88,72,48,38,12,51,43,45,29,26,9,83,38,42,100,79,76,46,41],
[94,36,30,72,27,42,82,68,92,91,95,18,94,41,69,60,23,12,41,86,40,34,22,67,94,
 55,73,97,75,60,22,81,92,30,90,77,99,89,31,28,20,26,22,76,34,10,49,80,15,82,
 89,42,50,78,52,44,73,10,79,10,18,57,11,31,41,12,59,55,19,72,83,89,46,21,44,
 61,96,66,15,91,98,39,14,54,50,28,45,100,98,74,74,28,53,28,20,9,72,69,54,46],
[51,70,41,32,70,56,21,1,20,58,69,55,78,7,25,42,38,25,55,4,73,99,34,15,39,85,
 88,26,54,63,100,9,57,50,58,15,95,35,92,6,92,66,23,23,59,88,84,74,64,71,85,26,
 33,25,39,39,2,21,95,56,82,52,30,58,98,7,51,97,74,18,73,5,95,25,80,72,73,22,
 36,95,24,77,26,53,71,11,21,92,59,11,11,6,14,26,87,42,31,71,95,72],
[69,55,96,52,36,98,87,34,79,9,89,98,66,76,10,58,36,74,29,89,24,30,8,8,33,16,
 43,49,72,65,67,92,76,45,89,76,87,32,40,5,62,11,29,76,8,69,93,58,3,56,32,41,
 60,39,90,54,44,82,19,70,92,44,38,31,79,10,10,23,54,10,14,20,81,60,62,19,38,
 52,30,27,33,55,73,74,97,47,84,4,67,75,77,74,95,76,6,27,42,42,36,42],
[47,3,31,89,25,49,1,56,94,38,77,9,21,20,99,31,23,36,19,21,81,29,32,48,46,27,
 77,29,79,74,1,3,38,21,75,59,68,18,30,90,93,20,93,70,36,50,95,62,67,86,100,82,
 28,24,8,94,79,7,98,11,27,21,4,85,22,77,15,80,27,65,76,67,64,96,46,62,73,23,4,
 52,71,85,74,28,65,39,24,31,82,5,47,3,50,49,22,31,49,36,65,11],
[52,11,57,3,47,9,38,20,73,45,33,53,78,17,84,43,13,78,54,8,95,37,10,25,86,49,
 89,23,10,69,22,91,50,42,57,82,84,15,62,92,85,81,98,92,55,40,26,87,77,16,89,
 80,20,14,12,80,72,80,4,28,61,37,68,48,83,82,10,91,73,89,80,36,38,64,18,37,57,
 64,51,76,74,87,49,55,28,91,69,86,71,68,13,29,33,98,43,47,46,5,38,27],
[82,49,19,19,23,15,24,51,100,41,85,84,81,90,84,92,100,8,17,56,38,53,59,10,50,
 36,5,4,39,97,95,18,37,2,7,31,48,66,23,36,85,71,64,88,91,69,31,98,67,16,37,97,
 74,31,31,94,90,72,35,83,79,4,77,81,58,3,77,15,100,49,51,28,74,51,76,34,14,93,
 97,98,16,92,21,33,76,14,69,90,44,33,59,89,5,80,24,34,93,74,28,24],
[74,62,97,8,52,44,28,3,34,3,36,88,40,48,25,39,88,45,50,36,20,40,12,97,89,100,
 62,30,93,27,56,42,61,12,20,13,30,27,86,91,72,4,81,77,45,22,3,29,5,98,52,71,
 30,86,49,49,52,33,55,90,30,5,20,19,82,33,12,80,83,64,83,63,26,11,23,56,23,96,
 61,29,57,30,62,8,81,74,34,41,49,52,82,49,14,91,22,11,59,71,7,88]]
